1 145
2 489
1 772
2 774
0 250 3753 2
2 354
0 216 4844 1
2 889
1 203
1 318
1 889
1 122
2 394
1 889
1 300
0 469 2072 3
2 799
2 349
2 1
2 275
2 900
0 953 6141 3
0 466 7895 2
1 432
1 543
0 696 433 2
2 811
1 420
1 488
1 374
2 918
0 244 4546 3
0 951 8603 1
1 760
1 424
1 458
2 195
2 739
1 787
2 239
0 55 6011 2
0 583 9145 3
0 873 1328 2
0 473 4703 3
1 583
0 510 4359 1
0 920 2026 3
0 270 813 2
1 764
2 873
2 124
1 679
1 661
0 536 7413 2
2 116
2 120
0 496 3630 2
2 302
1 706
1 990
0 494 4164 2
2 745
0 145 5221 3
2 429
0 433 3318 3
2 679
2 822
2 464
2 781
1 998
0 558 4056 3
0 384 9259 1
0 870 1163 2
0 384 9211 3
1 95
0 484 2744 2
2 157
0 315 6973 1
1 201
1 532
1 441
2 660
0 909 2078 1
1 593
1 498
2 7
1 495
2 722
0 198 5615 1
1 978
2 681
1 610
1 102
1 993
1 792
2 73
1 84
2 184
2 974
1 6
2 428
2 788
1 185
0 117 9032 1
0 546 4727 2
1 961
1 652
2 810
1 960
0 850 7396 2
0 425 5387 3
0 720 5201 3
1 703
1 199
1 856
0 267 1402 1
1 911
0 698 9563 1
2 360
1 96
1 300
2 948
1 248
2 862
1 922
0 181 4977 2
0 149 8531 1
0 286 2949 3
1 234
2 761
2 112
0 81 208 3
2 69
1 812
0 705 8674 3
1 526
2 309
0 902 2810 3
1 579
2 180
1 568
2 736
2 944
1 154
2 408
2 759
2 525
2 146
0 597 9135 3
2 658
0 325 3912 1
1 144
0 781 1324 1
1 91
2 735
0 385 6889 1
0 783 3524 1
1 447
0 242 6397 1
1 872
1 82
2 530
1 959
2 431
2 998
1 794
1 417
0 476 1802 3
0 595 4553 2
2 213
0 337 807 2
2 315
0 210 4749 1
2 216
0 766 5647 3
0 880 1581 3
1 110
2 100
2 276
1 138
1 617
1 605
2 511
2 251
1 401
0 927 7784 1
1 127
2 143
2 142
1 496
2 672
0 735 124 3
2 524
0 404 3141 3
1 447
0 929 1699 2
0 513 2652 2
1 147
1 444
0 509 8586 2
0 287 8690 2
0 166 508 1
2 191
1 831
2 856
0 123 2785 2
2 115
2 204
2 262
1 176
2 994
0 645 7011 2
2 701
0 307 868 2
0 558 3762 2
0 340 7396 2
1 533
2 367
1 898
2 231
2 275
1 219
0 444 4217 3
0 149 686 2
2 554
1 853
2 235
2 558
1 493
2 743
2 986
2 27
1 34
2 749
0 369 3320 2
2 537
0 4 3687 1
2 495
0 26 7701 2
2 446
1 189
1 869
2 317
0 395 1345 3
0 955 3545 1
2 865
1 490
0 694 2846 2
0 104 3937 2
1 990
2 96
1 174
2 79
0 922 6397 2
0 742 5398 2
1 295
2 726
2 672
1 564
2 415
0 718 9871 2
0 354 5638 1
0 426 8394 3
2 789
2 903
0 680 6997 3
2 398
2 727
0 302 3400 2
2 119
2 224
2 333
2 820
2 510
1 489
0 786 5930 3
0 293 1049 3
2 398
2 160
1 658
1 274
2 640
0 179 2111 3
2 300
1 980
2 153
0 513 7995 1
2 277
0 227 2570 1
1 247
0 119 8408 3
0 648 5148 1
2 468
2 399
2 378
0 364 9358 3
2 552
1 864
2 40
2 959
1 63
1 869
1 363
0 423 9237 2
0 737 4208 3
2 830
1 454
1 161
0 918 7036 2
2 425
1 504
2 750
0 84 2165 3
0 180 7817 2
0 406 1762 1
1 970
0 700 5800 3
0 360 8 3
0 397 7421 1
0 677 8957 1
1 773
1 297
1 732
1 44
0 433 450 3
1 945
2 197
2 614
2 503
0 405 6532 2
1 953
2 976
1 367
0 114 5492 2
1 719
0 241 8115 2
2 917
0 485 2214 1
0 211 7071 2
1 398
2 599
0 638 4904 3
0 887 4484 1
0 976 7975 3
0 101 1358 2
1 736
0 598 9222 1
1 256
2 478
0 923 3228 1
1 935
1 778
1 775
0 537 5356 1
2 683
2 265
2 848
2 740
1 211
1 158
1 746
0 417 6576 2
0 156 3274 2
2 83
0 144 4859 2
2 567
2 900
1 872
2 387
1 297
0 9 2861 3
1 70
2 934
1 845
2 180
1 663
1 444
2 739
2 309
1 975
2 485
0 832 358 3
1 430
1 51
2 903
0 959 4325 3
2 812
1 634
0 393 297 1
1 748
2 779
0 285 754 3
2 981
2 480
1 690
0 119 9093 1
0 316 9365 2
1 611
2 200
1 208
1 895
2 783
0 482 8914 1
2 668
1 889
1 161
1 431
0 985 4550 2
2 277
0 757 3976 2
1 192
0 965 9753 3
2 52
0 207 3886 3
1 653
2 303
1 694
1 617
0 20 8954 1
0 345 6304 1
1 281
2 174
2 435
0 578 6057 1
2 462
1 869
0 228 8875 1
2 770
2 699
0 294 719 2
0 388 1390 2
0 197 2259 2
2 436
1 215
1 625
1 998
0 240 9867 2
1 94
2 703
0 922 3754 2
1 474
2 889
0 391 7867 3
2 478
0 311 3915 3
2 930
2 503
2 2
0 499 4928 2
1 329
0 810 603 3
1 819
2 766
2 413
2 280
0 449 3759 1
2 26
0 344 308 3
2 588
1 942
1 804
1 385
2 827
0 89 9199 3
2 750
1 673
0 942 1954 1
1 65
0 856 6091 2
2 399
0 399 339 2
2 130
0 902 6516 1
0 712 1974 1
1 234
2 810
0 898 104 2
0 848 2279 2
0 370 3151 2
2 519
0 812 6762 1
1 810
2 810
0 334 9874 2
1 252
1 998
1 163
0 519 8377 2
0 656 2967 3
2 470
0 851 2989 2
1 103
2 310
0 348 120 1
2 995
1 649
2 885
1 14
1 247
1 778
0 605 8786 1
1 165
2 766
0 40 8808 1
1 551
1 409
1 814
0 933 2161 1
2 113
1 933
2 340
0 365 9118 1
1 905
1 56
1 722
1 790
2 983
2 258
2 868
1 786
1 740
0 548 6443 1
2 383
1 789
2 824
1 194
2 829
2 642
0 873 8364 3
0 831 8396 3
1 282
1 460
2 94
2 844
2 348
1 304
0 493 1445 3
2 303
2 936
2 805
2 723
0 294 5136 1
2 884
2 566
1 592
1 291
0 931 1135 2
1 337
0 362 8830 1
2 148
2 580
0 274 7737 3
0 768 9308 2
1 786
2 349
0 888 8941 1
0 332 2014 1
2 293
2 54
0 833 5188 3
1 977
1 417
1 199
1 601
1 444
2 783
0 456 1132 2
2 425
2 523
1 31
0 122 324 1
0 684 7026 2
2 359
1 379
2 298
2 912
0 249 4356 3
2 938
1 516
1 491
1 890
2 699
1 908
0 598 4101 1
1 479
2 552
1 761
0 967 5411 1
2 662
1 588
0 199 5527 3
2 752
0 657 7994 1
1 268
1 531
1 72
2 853
2 948
1 741
1 40
2 472
1 941
1 772
2 840
0 760 9340 1
2 683
1 859
0 405 3127 3
1 698
2 521
1 692
1 309
0 531 1702 1
1 307
1 195
1 669
1 402
2 727
0 294 2762 3
2 508
2 632
0 886 7683 1
2 235
2 877
2 844
1 950
1 469
1 126
0 41 3795 3
0 576 4778 2
0 892 8078 3
2 324
2 978
2 43
1 969
0 755 199 1
2 312
0 290 4781 2
0 797 2480 1
0 276 3787 3
1 10
2 943
2 975
0 449 4954 3
0 651 7503 1
1 702
2 710
2 534
1 499
1 768
2 157
2 496
1 118
1 651
0 400 2595 2
1 214
0 330 6748 2
1 251
2 91
2 395
2 671
1 153
0 606 7921 1
1 252
0 902 2723 3
1 555
0 500 8125 2
2 497
0 815 9361 3
2 51
0 723 1799 3
0 80 2090 1
0 363 5086 3
2 752
1 691
1 962
0 192 9463 3
1 882
1 467
1 934
1 115
1 886
2 136
1 936
2 912
0 608 2276 2
2 596
0 172 3639 2
1 237
0 949 3313 2
0 886 2871 2
1 678
2 862
2 537
2 738
2 919
1 29
1 631
1 290
1 417
1 866
1 949
2 998
2 769
0 730 5655 3
2 180
2 958
2 866
2 392
0 321 7312 2
2 839
1 374
0 170 791 2
0 903 1245 1
2 144
2 654
0 916 7927 3
0 877 5794 3
2 290
1 53
0 546 13 3
1 956
1 572
2 183
1 162
2 114
0 43 9258 1
2 132
2 624
2 982
0 115 5824 1
1 58
2 720
2 720
1 695
2 777
0 154 3312 2
2 102
0 673 7145 1
2 842
2 473
2 312
1 25
1 631
0 184 2690 1
0 647 754 3
2 782
0 961 7936 1
1 604
1 698
0 385 6557 2
1 901
2 751
2 850
1 344
2 455
2 523
2 136
1 243
1 512
0 252 5473 1
0 922 8269 3
0 898 6664 2
0 244 430 2
0 347 6064 3
0 897 6578 3
1 67
1 943
0 189 9808 1
0 633 2056 1
2 325
0 527 1576 1
0 395 5019 3
0 367 5187 1
0 230 5923 3
0 696 7488 3
2 151
0 799 6542 2
0 599 1675 3
1 785
1 204
1 277
1 580
1 209
0 7 9235 1
2 510
0 40 4206 2
2 197
0 304 2349 1
1 782
2 174
2 676
1 990
1 520
2 480
1 88
2 751
2 629
0 333 5139 1
1 697
2 331
2 356
2 595
1 134
0 852 3309 1
2 269
1 409
2 462
1 594
2 635
2 997
1 590
2 755
1 760
2 200
0 699 2909 1
0 714 9565 3
1 874
2 799
1 718
0 636 180 3
2 82
2 280
0 405 7870 3
0 916 4875 3
1 967
2 26
2 311
1 962
0 10 2836 1
1 683
1 369
1 462
0 254 3544 3
1 976
0 757 9443 2
1 319
1 790
1 860
0 35 3171 2
0 506 8271 2
2 80
2 999
0 246 9461 1
2 357
0 739 1686 1
0 481 5289 2
2 133
2 790
2 480
2 517
1 528
2 364
2 93
0 288 8444 1
0 257 6275 1
0 264 5478 2
0 326 5486 1
1 638
2 159
2 442
1 311
2 85
2 335
1 257
1 597
2 224
0 784 5481 2
2 447
1 353
2 763
0 290 2727 3
2 824
0 61 2618 3
1 578
2 915
1 268
1 45
0 71 269 1
2 750
2 731
2 733
1 353
2 116
1 575
0 276 8751 1
2 370
0 414 8948 1
0 213 2856 2
0 74 2573 3
0 781 2981 1
0 530 8219 3
1 67
2 231
2 411
0 394 797 2
0 213 2611 3
2 940
0 656 1795 2
0 720 3118 1
2 451
1 717
1 979
2 570
0 786 3153 3
0 13 7084 2
2 200
0 173 4617 3
1 246
2 260
2 451
2 308
1 186
0 486 7904 2
1 274
0 511 2060 1
2 962
1 637
2 744
1 573
2 806
1 735
1 359
0 243 4810 3
0 888 8219 1
2 123
2 191
2 773
0 161 8943 3
2 125
2 785
2 786
0 491 7945 2
0 350 356 3
1 518
2 848
0 529 8512 3
1 269
1 753
1 732
2 986
1 391
2 641
1 37
1 535
1 724
0 459 2426 3
1 371
1 48
0 870 9577 3
2 582
2 32
0 396 4116 1
0 160 993 2
2 170
0 581 2057 3
0 942 4928 1
1 17
1 997
2 27
2 995
1 575
2 817
2 264
2 76
1 300
1 212
2 390
2 437
1 792
0 276 4086 3
2 972
0 168 3322 2
1 541
1 659
0 545 6476 2
1 41
1 28
1 740
2 543
2 975
2 453
0 591 8730 2
2 442
0 332 1962 3
1 158
0 921 4169 3
1 645
0 980 8038 3
1 732
2 601
0 313 7929 1
1 48
0 848 6254 3
1 784
0 605 2636 2
1 677
2 284
2 114
1 125
1 320
2 455
1 398
0 679 1711 3
0 829 4738 1
0 344 8280 2
1 997
0 764 1371 3
2 667
2 333
1 664
0 228 6336 2
1 740
1 444
0 487 7133 1
1 223
2 698
2 291
0 695 4640 3
2 11
1 957
0 482 6290 2
2 100
0 834 9126 1
1 550
2 698
2 710
0 706 1934 3
1 853
0 128 4549 3
2 712
0 934 9669 1
1 311
1 267
2 412
1 538
2 380
0 770 78 1
0 891 9536 2
0 293 620 2
2 521
1 903
0 114 2189 1
2 605
1 635
1 331
0 678 221 1
2 662
0 136 3845 1
2 381
2 95
2 640
2 447
0 626 5702 1
0 891 5707 3
1 626
0 73 2309 2
0 882 9743 3
0 459 7945 3
1 325
2 27
0 150 2667 1
2 532
1 652
0 825 6543 3
2 392
2 636
2 330
2 569
0 178 5379 2
2 676
0 349 9353 1
2 126
1 395
2 426
0 615 5078 2
2 974
1 382
1 975
0 536 4305 1
0 518 3984 1
0 325 6865 2
0 219 1806 1
1 283
2 930
2 429
1 140
0 690 7466 3
1 184
0 442 5721 3
0 179 1798 1
1 425
2 233
1 936
2 62
1 501
1 840
0 759 8269 2
2 961
2 717
0 795 1901 3
1 622
2 486
0 13 5070 2
0 331 5107 3
2 263
0 958 2117 3
1 901
0 419 7582 1
2 306
2 693
0 787 1628 2
0 843 6529 1
1 951
0 646 3283 2
1 902
1 155
0 628 5962 2
0 880 4077 3
0 810 4122 1
0 575 3074 2
0 836 7678 2
1 238
1 245
1 87
0 930 9989 3
1 202
1 751
1 218
1 290
0 32 9452 2
2 307
0 745 7142 1
0 172 5907 2
0 359 1635 2
1 480
2 140
1 365
1 173
1 554
2 99
1 130
0 648 5639 1
0 75 900 1
0 834 3973 3
2 383
1 859
2 251
0 310 9391 2
0 85 53 3
1 149
1 188
2 783
1 918
0 144 2345 1
0 827 8024 3
1 600
0 670 6459 3
0 502 699 1
0 727 7750 1
2 742
2 524
0 863 9659 3
1 597
1 479
1 562
1 811
2 875
0 489 5545 3
1 819
1 225
2 106
2 234
0 881 9329 2
2 260
0 416 3732 2
1 348
1 153
1 610
0 97 9485 1
2 383
1 112
0 379 8689 3
0 994 3624 3
1 953
0 336 8565 2
2 297
0 471 7998 3
2 261
1 941
1 120
1 944
0 677 3408 2
0 449 7447 3
0 424 8272 2
1 478
0 295 1023 3
0 392 1288 1
0 912 1555 2
0 913 7469 3
1 324
2 969
2 313
0 533 5207 2
1 831
2 687
2 302
0 332 7119 2
1 407
0 142 7672 3
1 230
1 312
1 955
1 67
1 722
0 48 5256 1
0 565 9123 1
1 785
2 938
1 331
1 546
1 846
2 763
0 884 8993 3
1 155
2 888
1 9
1 306
1 219
2 24
1 74
2 741
1 145
1 680
1 600
0 920 9798 1
2 477
1 28
2 756
2 633
0 109 642 3
2 51
2 718
0 963 6144 1
2 355
2 87
2 687
2 262
1 838
0 642 1315 2
0 217 2846 3
2 491
2 845
1 434
0 277 4504 2
1 648
2 648
1 247
1 38
0 127 4653 2
2 887
1 281
1 559
0 528 6117 1
2 135
2 470
1 146
2 425
0 43 6073 1
2 428
2 130
2 98
0 472 4992 3
0 529 6857 2
2 708
2 558
1 941
2 659
2 615
2 214
2 980
0 818 5543 1
1 706
2 65
2 41
2 149
2 249
0 826 1642 1
0 212 4029 2
2 75
2 269
1 816
2 434
1 93
0 691 5746 3
0 881 7916 3
0 454 1407 1
2 438
2 697
1 956
1 291
2 768
2 614
2 760
2 225
1 578
2 799
1 769
0 19 650 2
2 276
2 685
1 427
2 588
2 737
0 739 9380 2
1 98
0 600 3858 1
1 52
2 849
1 799
1 853
1 972
1 449
0 792 1486 2
1 962
1 697
0 252 8788 1
2 647
2 922
1 387
0 777 2791 1
0 995 5851 2
0 22 5920 3
2 168
1 958
2 633
2 643
0 323 247 2
0 703 7469 3
1 68
2 851
0 165 4903 1
0 754 5125 2
1 397
0 600 5566 3
0 205 7731 1
2 413
0 447 235 1
1 56
0 831 7125 1
2 675
2 585
1 298
0 976 11 2
1 345
2 292
2 36
1 823
1 698
2 428
2 176
0 0 5232 2
1 709
2 866
1 396
1 236
2 847
1 58
0 290 8403 2
0 847 2830 1
1 400
0 610 180 3
2 572
1 19
0 515 3080 3
0 465 6921 3
0 968 7384 2
2 52
2 134
1 842
2 28
1 3
2 108
1 313
2 752
2 771
1 799
2 203
0 19 5020 3
2 73
1 292
0 943 1344 1
1 895
0 410 9275 3
1 408
1 379
0 320 6483 3
2 958
0 82 8161 1
1 534
2 10
0 245 5302 2
1 998
1 618
1 747
1 521
0 794 929 2
2 651
0 360 7963 3
0 74 9598 1
1 52
2 541
1 325
2 716
2 678
2 929
0 664 4028 1
2 547
2 115
2 348
1 370
0 81 5886 1
0 485 3209 3
2 575
0 304 9900 3
0 227 8374 1
2 22
2 536
1 641
0 522 9108 1
2 227
2 930
0 343 1308 3
2 518
1 69
1 390
0 345 3437 2
0 811 4889 1
2 345
2 237
0 405 112 3
1 334
0 947 4617 3
0 277 8151 1
0 335 9244 3
0 969 1937 1
1 214
0 309 8647 1
1 968
2 993
2 566
1 216
2 467
2 869
1 806
1 305
2 294
2 225
2 70
0 176 6937 1
0 968 3275 3
2 281
2 638
2 435
1 68
0 809 5887 1
1 690
1 529
1 659
0 692 9236 1
1 135
0 52 2101 3
1 728
1 557
1 785
0 284 8573 1
2 577
1 592
2 295
2 127
1 333
2 1
0 727 4416 3
0 7 9193 3
2 566
0 417 7123 3
0 670 7689 3
1 746
0 39 5338 1
1 324
2 512
0 476 3513 1
2 929
2 418
0 370 8085 1
0 481 7047 2
1 601
2 575
0 856 8321 2
2 11
0 934 9335 3
1 993
1 311
1 659
0 205 2429 2
1 515
2 863
2 910
0 882 1863 1
1 944
2 483
1 163
0 725 8097 2
0 896 2527 3
1 555
0 800 4112 2
2 39
1 192
1 113
0 528 5347 2
1 508
0 503 1991 2
0 838 9069 3
2 774
2 547
2 571
2 403
0 567 9653 1
0 770 596 3
2 50
2 934
1 681
0 630 9185 1
2 203
1 395
1 996
2 387
0 104 311 1
0 34 269 1
2 227
1 35
1 223
1 534
2 806
0 304 7436 1
1 762
1 67
0 331 3416 1
2 311
2 30
1 345
0 634 4210 1
0 550 8891 2
2 681
1 634
2 108
0 275 2860 2
1 168
2 898
2 569
1 571
2 414
2 246
1 369
2 322
1 447
0 468 5453 3
0 994 6983 3
1 274
0 314 4008 2
1 162
2 687
1 478
0 964 244 1
2 3
0 796 6677 3
0 549 9977 2
1 478
2 882
2 496
1 729
0 165 6381 2
0 283 8685 3
1 295
0 357 6210 3
2 142
0 38 8652 2
0 981 1025 2
2 420
1 926
0 229 1656 1
1 37
2 425
0 466 7835 3
0 562 2792 2
2 505
0 586 4895 3
1 835
0 645 3674 1
2 746
0 981 3975 1
1 73
2 842
2 908
0 334 9695 2
1 487
0 101 9344 2
1 239
1 307
0 541 7952 3
0 17 9847 1
1 175
1 763
2 780
1 747
2 619
1 384
0 681 6223 2
0 567 9759 1
1 849
0 233 6391 1
1 196
1 534
2 504
1 88
1 957
2 578
0 557 3549 2
2 294
2 516
2 657
1 249
0 594 4099 1
0 490 2097 1
1 251
2 581
0 757 3021 3
1 889
1 123
1 207
1 92
1 839
1 991
2 396
2 328
0 44 2993 3
0 442 2036 3
0 84 8857 2
0 878 4882 2
0 540 7734 2
0 51 11 3
2 972
2 387
0 537 3068 3
2 413
2 467
0 269 7391 1
2 600
1 250
2 289
2 597
1 596
2 576
0 175 8529 3
1 473
2 219
0 697 6282 3
0 515 8762 1
1 505
2 193
0 978 4443 3
1 305
0 97 8253 3
2 252
2 555
0 74 7380 1
1 742
2 576
2 985
0 799 3303 2
0 226 1126 1
1 569
0 472 1226 1
0 479 3925 3
2 500
0 929 575 1
1 869
0 927 3797 1
0 241 3813 1
2 117
0 300 9878 1
2 574
2 96
1 744
0 79 7692 2
0 547 292 1
1 695
2 759
1 525
2 535
2 586
0 293 8055 3
1 933
2 814
0 716 262 3
0 190 93 3
2 25
0 845 532 2
2 612
1 515
0 16 1050 3
1 504
1 10
0 847 2944 3
1 155
0 276 8169 1
0 263 329 1
0 382 2568 3
1 460
0 813 1975 1
2 377
0 136 234 3
2 634
2 443
1 407
0 644 3683 2
2 501
1 149
2 671
2 792
1 102
0 334 3915 2
0 96 7661 3
1 895
1 732
1 842
2 163
2 477
1 284
1 331
1 332
1 9
2 716
2 552
1 757
1 85
1 552
2 703
2 119
0 606 3203 2
2 82
1 401
1 506
2 509
1 822
1 670
2 197
1 688
0 909 4446 2
2 839
1 880
2 50
2 493
2 906
2 161
0 321 6915 1
2 952
1 665
2 954
2 310
2 425
2 254
0 797 3594 1
0 487 1913 1
2 617
1 898
2 997
2 216
0 327 3468 1
2 581
2 406
2 850
2 687
1 716
2 962
1 888
1 501
0 908 5032 1
1 56
0 105 6406 3
2 724
1 141
2 237
2 385
1 609
2 361
2 863
2 942
2 294
0 820 4147 2
1 180
2 310
1 41
0 994 1672 1
1 630
0 293 8867 1
0 511 8912 1
1 561
2 653
1 306
0 686 8478 1
1 559
0 770 5869 2
0 636 3210 3
1 281
1 305
1 684
2 605
2 872
1 772
2 705
1 642
1 725
1 490
0 924 1401 2
0 622 367 2
0 929 7396 2
0 565 7287 3
0 247 5446 3
0 670 5570 3
2 348
0 739 9426 3
0 950 4857 2
2 903
1 821
2 864
0 213 5199 1
0 838 2504 2
1 950
0 558 2972 1
2 348
0 716 87 3
1 669
0 153 653 3
0 907 9805 3
2 907
0 322 9923 1
2 428
1 247
0 130 2157 1
1 973
2 386
2 490
1 337
0 496 8843 2
2 252
1 286
0 547 4546 1
2 821
2 383
2 439
0 332 7922 1
1 506
0 438 244 3
2 210
2 792
2 37
0 539 8289 2
2 119
0 76 7389 1
1 877
2 499
1 220
0 590 7359 2
1 823
0 692 5680 3
1 874
2 313
1 38
0 553 9420 3
1 53
1 62
0 708 6291 3
2 311
0 38 1902 1
1 702
1 264
2 228
1 1
1 929
1 366
1 871
0 740 2605 3
1 416
0 701 8124 3
2 331
2 509
1 215
2 329
2 782
2 665
2 145
2 464
0 685 6831 2
2 103
0 161 48 3
1 55
1 701
2 828
2 18
2 457
1 571
2 856
0 83 7873 1
1 891
2 656
1 714
0 484 7817 1
1 865
0 575 1272 2
1 329
2 13
0 76 1823 3
1 961
0 352 4045 1
0 274 4610 3
0 539 1017 1
1 834
1 669
1 801
0 324 7360 3
2 747
1 706
1 62
1 822
0 838 5174 2
2 945
0 167 4247 1
0 264 4014 3
0 941 1103 3
0 348 1475 1
2 481
0 814 4539 2
1 235
2 252
2 76
0 982 6021 1
2 268
1 560
0 119 4994 2
1 98
0 506 1798 1
2 373
0 865 8539 3
1 767
0 143 3372 3
2 397
2 592
1 185
2 927
1 746
0 444 7082 3
1 569
1 340
0 630 8065 2
1 604
1 441
1 642
1 96
1 156
0 673 3101 3
2 314
1 660
1 346
1 142
1 646
1 475
0 594 5458 2
1 658
2 345
2 732
2 36
2 329
2 674
2 646
1 565
1 640
2 372
1 681
1 144
0 929 4971 2
1 781
0 501 6439 1
0 891 6219 3
0 399 7515 1
1 870
0 119 3787 3
1 365
0 98 6046 2
1 78
1 917
2 529
0 222 1382 3
0 933 2733 1
1 661
1 985
2 752
2 660
1 995
0 983 8360 3
1 758
0 379 5836 1
0 284 4560 1
0 942 5542 2
0 275 846 1
0 525 1683 1
2 891
1 501
0 580 7836 3
1 269
0 907 9000 1
1 649
0 498 2700 3
0 242 7959 3
0 805 3366 2
0 401 636 3
0 422 462 2
1 299
0 588 5920 3
1 273
2 785
0 915 7283 1
2 76
0 266 2096 2
0 462 245 1
2 882
2 508
0 882 390 3
1 223
0 454 5412 2
2 498
2 353
0 220 3327 2
1 544
2 744
2 411
2 229
2 774
2 938
1 119
0 24 2483 2
0 435 4160 2
2 239
1 875
1 275
1 920
1 96
2 335
1 448
0 751 3029 1
1 140
0 159 7259 1
0 742 6083 1
0 244 6499 2
1 712
0 780 339 2
2 687
2 868
0 81 8668 2
2 697
1 710
1 295
1 801
2 757
2 108
0 425 5704 1
2 891
2 588
0 148 4732 3
0 972 3296 2
2 316
2 589
1 72
0 555 719 1
1 744
2 252
0 875 1029 1
1 626
1 780
1 527
2 298
2 115
0 250 1326 3
2 658
2 285
0 972 5192 2
0 549 1898 1
1 454
1 534
0 675 6160 3
1 726
2 735
2 699
1 999
0 176 379 3
2 348
2 269
2 698
1 518
0 321 9994 3
1 49
1 489
0 502 2059 3
1 803
0 605 2854 3
1 156
0 336 2376 1
0 234 8102 1
1 173
1 883
2 220
1 622
1 681
2 346
2 523
2 763
0 144 8369 2
2 678
1 259
2 417
0 50 1651 2
1 935
2 633
1 566
1 861
2 827
0 4 2174 3
1 52
1 206
1 210
1 162
2 428
2 902
0 864 9304 3
0 62 8784 1
1 955
2 253
1 939
0 359 7944 1
2 823
0 925 9029 1
1 768
2 375
0 142 1277 3
0 933 1243 1
0 27 2601 2
0 0 2648 1
2 81
0 236 9687 3
1 346
0 89 8553 3
1 274
1 406
2 68
2 774
1 395
1 350
2 496
1 109
0 394 9612 1
2 826
2 514
0 788 9860 2
1 765
2 439
0 259 197 1
2 349
1 33
0 181 9383 1
2 129
1 526
1 591
1 350
1 396
2 246
0 77 9002 2
1 822
2 234
2 402
0 113 3103 3
0 847 1860 2
1 890
1 345
1 886
1 436
0 706 4184 1
0 369 5881 1
2 76
1 693
2 915
2 407
1 199
0 526 2399 1
0 117 7189 3
0 310 3305 3
0 893 162 1
0 818 4652 2
0 140 711 1
2 373
2 281
2 902
2 572
0 584 7871 3
0 413 2256 1
2 562
1 821
2 837
0 209 7655 2
2 133
2 204
0 433 7930 3
2 63
1 899
2 296
0 210 6133 1
0 390 3756 3
0 431 2871 1
1 327
1 627
1 166
1 386
1 204
1 652
2 237
2 38
2 54
2 620
0 468 5509 1
2 265
1 866
0 514 1330 3
1 355
1 332
0 408 9718 2
0 889 2248 1
0 667 9821 1
2 508
1 339
1 97
2 539
2 926
1 410
0 88 4078 3
0 725 2318 2
2 388
0 98 9277 1
1 756
1 54
2 901
0 311 6592 2
0 875 3783 1
0 541 9884 2
1 314
1 424
0 604 740 1
0 652 1623 3
2 856
1 342
0 101 3595 2
1 187
2 173
1 853
2 569
1 532
1 376
0 449 1801 1
2 541
1 398
2 388
0 709 7244 3
1 507
1 999
2 968
1 403
1 953
2 790
2 652
2 390
1 521
1 181
0 597 75 1
0 620 7913 1
2 509
2 85
0 673 5084 3
1 974
0 135 6280 3
2 154
0 600 4897 2
2 441
1 882
2 356
2 738
1 672
0 362 533 2
0 902 1600 2
2 241
0 711 9729 1
2 6
1 441
2 893
1 80
0 173 9314 3
1 73
2 210
1 920
1 630
0 723 5533 2
0 138 6040 2
2 769
0 275 3776 2
2 734
1 608
0 528 1782 1
1 663
2 67
2 2
1 149
1 186
2 870
0 830 9360 2
0 561 1147 1
0 923 9604 3
2 798
0 824 5326 3
1 930
1 562
1 591
2 688
2 901
2 965
0 563 2796 2
2 794
2 736
1 232
1 53
0 668 1851 3
1 177
1 149
1 69
0 809 3661 1
1 754
0 724 9719 1
1 867
2 228
0 884 4316 2
1 327
1 957
0 718 662 3
2 718
0 707 3787 2
2 800
0 365 1554 1
2 274
0 729 6493 1
1 507
0 978 6969 3
2 837
0 5 907 3
2 155
2 891
0 644 6648 3
1 32
0 351 3297 2
2 918
1 119
2 279
1 374
0 947 1189 1
2 313
0 44 8100 1
0 957 5714 1
1 362
2 751
2 942
1 395
2 80
2 449
1 693
2 529
2 338
1 960
0 965 6626 3
0 726 1052 1
1 766
0 342 5480 1
0 226 818 2
2 650
1 639
1 178
1 180
1 456
1 888
1 828
2 42
1 566
1 111
0 509 877 2
0 710 8383 1
1 201
2 262
1 119
1 303
1 937
1 709
1 706
2 162
0 802 7204 3
2 677
0 198 6538 1
1 389
2 88
1 636
1 529
2 493
1 503
1 649
1 631
0 834 1338 1
0 225 109 3
1 829
2 579
2 121
0 84 1862 1
2 548
1 166
2 100
1 77
0 807 78 2
0 437 6231 3
2 579
2 206
0 228 35 1
2 415
1 672
0 402 2237 2
2 86
2 379
1 553
0 142 9712 2
1 150
0 121 4631 3
2 688
2 537
2 718
1 723
1 496
1 984
0 984 7360 1
1 254
0 961 8807 2
1 519
2 994
1 8
2 5
1 168
2 463
0 610 2533 2
1 18
2 433
2 762
2 715
2 192
1 248
0 129 8694 3
2 26
0 375 1035 2
0 168 9239 1
2 945
2 517
0 73 1535 3
0 890 1233 3
0 548 7820 3
1 326
2 843
0 410 9869 3
0 256 6962 1
1 201
1 760
2 978
0 459 8051 1
1 909
0 163 9889 2
2 709
1 212
2 702
1 322
1 277
2 250
2 527
2 310
2 359
1 580
0 699 39 3
2 321
2 974
1 243
1 547
2 336
0 339 2391 3
1 856
2 579
0 330 5107 1
1 188
2 62
0 275 1113 2
2 680
0 722 2007 3
1 698
0 918 1035 2
1 426
2 624
1 643
1 740
0 662 8967 3
2 552
0 674 5827 3
1 547
1 17
2 532
0 236 3230 3
1 617
0 468 395 1
2 29
2 0
2 748
2 89
0 217 1993 1
1 173
1 429
2 463
2 990
1 836
2 225
0 85 2843 2
1 590
2 998
1 576
2 94
2 12
0 38 3581 1
1 825
0 422 2606 2
2 404
0 880 2592 1
0 33 132 1
1 37
2 560
1 215
0 737 9309 3
0 844 4851 1
0 687 4212 3
1 818
1 346
1 668
2 519
2 387
1 199
1 960
1 635
0 976 5850 1
1 159
0 168 7003 2
2 727
0 416 1153 2
1 57
0 513 7726 1
0 793 483 2
2 875
0 582 2510 2
1 360
2 624
2 894
2 874
1 348
0 276 7116 1
2 702
0 261 4216 1
1 249
0 192 3187 1
2 85
1 929
0 225 2289 1
1 512
0 994 1738 3
1 691
2 458
2 818
1 667
0 81 2613 2
0 1 2332 3
1 751
1 401
2 457
1 321
2 829
2 617
1 571
2 166
1 785
2 765
2 489
1 34
2 46
0 252 4399 3
1 486
1 427
0 291 1236 2
0 326 4695 3
1 871
2 7
1 337
2 365
2 99
0 887 5485 3
0 660 6734 3
1 207
2 483
0 762 2126 3
2 91
1 28
1 494
0 964 8853 3
1 997
0 403 5096 2
0 581 6342 1
1 428
0 818 3635 1
2 270
0 779 8494 2
1 692
0 465 4186 2
1 39
0 434 5388 2
1 836
1 832
2 412
2 715
2 371
1 475
1 834
0 810 5614 3
0 837 1636 2
1 174
2 435
0 712 1869 3
2 58
2 936
2 910
1 2
0 188 6373 2
1 935
0 113 3746 3
1 137
0 45 2842 2
0 54 6942 2
1 163
1 985
2 582
2 464
2 269
2 471
1 191
2 824
2 328
2 225
2 699
2 493
1 556
1 316
2 294
1 730
1 894
2 31
0 340 2847 1
0 665 8793 2
1 775
1 687
0 588 2264 3
0 979 6942 2
2 294
0 850 2589 2
2 398
1 999
2 526
1 628
2 652
0 641 1774 3
2 721
0 224 6309 3
2 597
1 967
2 728
1 684
0 202 6486 3
0 535 3863 1
1 554
2 261
0 8 4254 1
2 23
2 108
0 716 8618 1
2 459
2 648
0 557 6332 2
2 170
1 64
0 845 8799 3
2 162
0 310 3522 2
0 737 3066 1
1 666
1 167
0 432 6978 2
1 165
0 116 3636 1
0 618 967 1
2 766
1 214
0 957 9877 1
0 873 1891 1
0 88 4733 1
2 375
1 585
0 258 7103 1
2 739
2 364
2 974
2 820
0 285 8386 1
1 615
1 594
0 418 6661 2
0 746 7454 1
2 280
2 83
1 506
1 616
2 195
1 954
1 393
0 613 1678 3
2 272
0 863 2867 2
0 528 3733 3
2 187
0 749 9819 3
2 709
1 372
1 817
1 657
1 440
1 898
0 729 763 1
2 244
1 221
1 239
0 946 1731 1
0 41 5477 3
2 662
0 327 7386 3
2 306
2 268
2 102
1 504
1 282
1 538
1 852
2 91
0 212 4389 2
0 874 6569 1
1 676
0 247 9355 2
2 851
1 693
2 279
1 343
2 331
1 382
0 504 5234 1
0 678 9545 3
1 838
1 775
1 94
0 393 6693 2
1 335
1 97
0 833 1376 3
2 512
0 154 7894 2
0 480 2061 1
0 958 1646 2
1 210
1 756
0 647 9501 1
2 417
0 166 866 2
1 595
1 528
1 747
0 353 6475 1
0 888 2 2
2 0
2 642
1 609
2 218
2 252
0 413 3022 2
2 888
0 284 8835 3
1 294
0 199 9647 1
0 833 9724 3
0 570 5950 1
1 512
2 316
1 513
0 299 8926 3
0 210 1183 2
2 18
0 11 313 2
2 312
0 157 1145 1
2 675
0 57 4970 3
0 874 3316 2
2 237
0 666 8531 2
2 66
2 723
2 373
0 750 6622 3
0 707 6805 1
0 264 1235 3
0 557 3600 2
0 269 1247 1
2 551
1 389
1 417
2 297
1 893
2 578
1 645
1 409
1 384
2 573
2 204
2 322
2 477
1 897
1 164
1 956
1 609
0 529 7026 1
2 519
2 849
2 746
0 676 8155 1
0 125 4772 3
2 649
0 795 4126 2
2 225
0 112 7181 2
0 231 2413 1
0 592 8970 1
0 420 5234 3
1 390
0 508 6867 1
1 548
1 951
1 738
1 387
0 418 7499 2
2 572
1 419
0 466 8011 2
2 804
1 541
1 862
2 283
1 150
0 939 9698 2
1 394
1 492
2 912
1 633
0 917 3205 1
2 581
2 699
1 262
0 694 5155 1
0 438 7231 3
1 478
0 639 6336 3
2 285
1 166
0 920 8151 2
0 357 1449 3
1 757
1 218
1 79
2 527
2 822
0 611 805 2
0 376 3897 3
0 282 5767 2
1 965
1 952
0 658 7661 3
1 952
0 111 3522 3
2 435
1 922
0 701 6885 1
0 326 143 2
2 683
0 575 2233 3
2 54
0 520 9713 3
2 600
1 82
1 437
1 255
1 672
2 186
2 415
0 333 9093 3
2 901
1 33
0 364 3678 1
1 627
1 484
2 191
1 856
2 148
2 915
0 869 1939 2
1 665
2 656
0 793 5104 3
0 236 8925 1
0 955 3948 2
0 893 3207 2
1 644
0 710 3144 3
1 900
1 916
2 950
0 885 2958 1
0 63 3175 1
1 101
2 251
1 253
1 343
1 886
1 582
1 247
0 675 3272 2
2 166
0 760 468 2
0 427 3051 1
2 226
2 493
2 58
0 440 1311 2
2 809
2 650
0 192 4897 2
0 169 657 3
2 195
1 156
2 903
1 718
0 777 1296 1
2 328
2 718
2 757
2 551
0 804 5201 1
2 450
1 216
0 59 362 3
0 621 2814 1
2 101
2 807
2 640
0 852 3320 1
1 88
0 65 7991 2
2 544
2 569
1 379
2 965
0 500 8623 2
1 790
1 997
2 14
1 122
0 352 9326 2
0 249 6414 1
1 757
2 887
2 95
0 295 6826 1
1 617
1 235
0 567 6025 2
1 269
1 74
1 408
2 69
2 124
0 500 221 2
2 634
0 558 8081 1
1 907
1 465
2 723
1 242
0 430 3279 3
0 33 6281 3
2 412
2 528
2 535
1 757
2 638
1 97
0 824 6131 3
2 760
1 960
0 273 3203 1
1 482
1 755
0 318 3549 1
1 765
0 267 2652 3
1 525
0 120 622 2
2 106
2 28
0 733 3989 1
1 192
1 61
2 863
0 893 7534 2
2 264
1 393
2 840
2 260
2 173
0 339 9932 1
0 445 6705 2
1 46
1 536
2 543
2 616
0 470 1861 1
2 416
2 727
1 144
2 477
1 284
2 488
0 935 5165 2
0 222 6789 3
2 153
1 210
0 747 9178 3
2 39
2 109
2 416
0 321 6561 1
0 669 393 1
0 721 9737 1
1 117
2 635
2 517
0 825 4727 2
0 257 8700 1
0 856 8251 3
0 440 7130 3
2 929
1 942
2 365
0 820 8040 2
0 937 2497 1
0 990 9493 1
0 417 9142 2
0 790 3440 2
1 64
1 81
2 856
0 809 7798 1
2 813
0 918 5027 2
1 876
1 13
2 363
1 397
0 392 7981 2
0 773 7559 3
2 514
0 792 3723 1
2 521
1 831
2 286
1 66
0 956 2942 3
1 160
0 219 9557 2
2 891
0 497 8016 1
2 206
2 549
0 694 4478 1
1 851
2 607
0 883 2673 1
0 967 4337 2
2 58
1 36
0 46 3279 1
0 296 7915 1
1 239
0 853 285 3
0 853 9462 2
2 600
2 485
1 70
0 267 5582 1
2 666
1 590
0 247 2401 2
1 316
2 398
0 620 9251 2
2 759
2 692
0 859 1644 1
0 575 9703 2
0 285 80 1
0 400 6111 3
1 512
0 895 5180 1
1 88
1 896
1 18
1 679
1 410
1 59
2 587
0 746 88 3
1 520
2 687
1 164
0 273 4028 3
0 561 552 3
2 340
0 634 5710 2
1 125
1 556
2 876
0 523 9975 2
1 359
2 758
0 728 7274 3
1 655
1 170
1 94
2 217
0 694 1203 1
2 868
2 598
2 159
2 919
1 449
1 739
1 310
0 911 9038 2
2 392
1 259
1 346
0 898 9915 2
1 118
1 709
1 609
1 763
0 134 1035 3
1 241
0 96 8551 1
2 942
2 428
0 701 8687 2
1 392
2 315
0 442 1785 3
2 124
1 811
2 952
0 275 6107 1
0 353 1329 2
2 688
2 723
0 400 3424 2
0 175 3899 1
0 782 7588 3
2 92
0 484 4904 1
1 201
2 896
1 136
0 411 1908 3
1 622
0 567 1022 2
0 22 8429 1
2 271
1 460
0 408 553 2
2 809
1 681
2 672
2 93
2 532
2 716
2 308
2 764
1 712
0 950 5734 1
1 254
1 679
1 321
2 619
0 331 9428 1
1 791
2 295
0 562 2827 3
0 113 400 1
2 628
0 895 5578 3
0 501 9372 3
0 86 4733 3
2 762
2 838
0 20 5629 3
1 865
1 494
2 86
1 62
0 485 1690 2
2 620
0 73 1122 2
0 6 1015 1
2 425
0 633 1263 3
2 893
1 672
1 232
1 420
1 125
2 429
1 173
1 694
0 424 9120 3
1 957
2 719
2 604
2 915
0 408 2444 3
0 220 2266 2
0 784 536 3
0 19 3903 3
1 771
1 690
2 687
2 899
0 937 3971 3
0 115 3790 2
1 235
1 880
1 344
2 259
1 532
2 38
1 989
2 447
1 830
1 659
0 800 1910 2
2 881
0 631 3349 1
0 576 5469 2
0 276 6887 3
2 368
1 973
0 888 314 3
1 778
2 177
2 720
0 699 1585 1
1 677
2 282
1 516
0 733 4708 1
2 947
0 249 4315 2
2 74
2 888
2 737
2 299
1 455
1 244
0 309 1664 2
0 714 1074 3
1 284
2 291
2 346
2 776
1 906
0 170 2980 3
2 427
2 77
1 287
2 450
1 391
2 547
1 449
1 257
0 197 9894 3
1 198
1 78
2 977
1 560
1 316
0 558 9744 3
2 822
0 871 5624 1
2 87
2 798
0 604 4056 1
1 950
0 641 3148 3
2 122
2 704
2 132
0 231 8690 2
1 677
0 7 1900 2
0 163 2355 1
2 892
2 370
1 494
2 754
1 820
1 208
0 746 3912 3
1 285
2 920
1 712
2 46
1 849
0 169 365 1
2 679
2 302
1 395
1 73
0 285 8245 2
1 891
1 109
1 239
0 485 1511 3
2 812
1 268
2 213
0 379 8235 1
1 149
0 811 5896 2
0 398 7487 3
1 332
0 375 7442 2
0 189 3135 1
0 684 9643 3
1 657
2 94
0 38 5493 2
0 195 2961 1
1 197
1 533
1 848
2 106
2 659
1 543
1 891
1 539
1 16
2 880
1 932
2 61
2 820
0 510 3015 2
0 413 4721 1
1 103
2 163
2 557
2 966
2 671
0 826 8562 2
2 691
2 868
1 992
0 947 9164 3
1 532
0 756 3945 3
0 243 8842 1
1 52
0 581 1370 1
0 227 410 1
2 253
0 29 5121 3
0 402 2782 2
0 591 2069 2
2 14
1 236
2 846
0 16 1251 2
1 621
2 554
1 586
0 213 9191 2
2 664
0 615 7066 1
1 666
0 222 6579 1
0 935 9781 1
0 240 2214 2
2 163
0 711 4070 2
0 496 9124 3
0 366 504 1
2 922
1 837
2 0
1 519
2 648
1 327
0 588 6919 2
1 103
0 34 1166 3
0 815 9845 1
2 626
2 159
2 120
1 386
0 22 1739 3
0 284 2369 1
0 567 1936 1
1 612
1 259
1 504
2 592
1 454
0 974 3080 3
0 312 4922 3
1 232
1 437
2 482
0 971 830 2
0 118 3568 3
0 906 1129 3
1 737
2 729
0 984 6055 1
2 540
0 59 3459 3
2 751
2 893
2 498
2 415
2 106
1 104
2 968
2 809
2 125
2 371
2 442
2 262
0 493 2154 2
2 965
1 196
2 469
1 302
1 657
1 854
1 307
2 796
0 673 6957 2
2 856
0 4 1651 1
1 421
0 773 8128 3
0 173 4701 1
0 142 110 2
2 532
0 267 7839 1
1 467
1 372
1 949
0 840 4953 1
0 572 9005 2
2 485
2 435
2 404
1 652
0 705 9965 1
2 133
2 428
0 380 2895 2
0 39 63 2
0 16 9566 1
2 923
2 637
2 377
0 67 7133 3
2 680
0 389 7379 1
1 344
1 485
0 638 3599 1
1 662
1 557
1 82
0 971 4005 3
0 414 7789 1
2 922
0 258 955 1
0 334 2389 1
2 131
1 107
1 311
0 799 9325 2
2 356
2 94
2 893
2 289
0 295 2323 1
1 25
2 525
2 103
0 841 7977 1
1 688
1 94
1 342
2 677
1 953
0 35 1048 1
1 554
0 940 1850 3
0 772 2702 2
2 154
2 860
0 25 2453 3
2 506
0 769 1201 3
1 349
1 831
2 364
1 17
0 251 5309 3
2 446
1 631
0 542 4138 1
1 485
2 207
2 882
1 627
2 267
2 449
2 307
1 704
0 881 4721 1
0 30 4767 1
0 12 8045 2
2 535
2 660
1 420
0 530 1302 2
2 305
1 500
2 873
0 739 2577 3
2 299
0 753 3681 2
2 158
0 565 2379 2
1 335
2 473
0 452 3356 1
1 866
1 995
1 174
0 526 5913 1
2 885
2 890
2 130
2 510
2 801
2 20
2 880
0 605 2353 1
2 61
0 500 7927 1
1 646
2 420
0 435 5218 1
2 19
0 663 4502 1
2 143
1 601
0 489 1481 2
2 187
1 856
2 317
0 528 3665 3
1 187
1 698
2 900
2 294
1 406
2 773
0 484 9916 3
1 783
0 567 4357 1
2 98
2 354
2 394
0 432 1655 3
1 985
1 593
2 741
0 508 8148 1
0 517 3033 1
0 119 6334 1
0 43 2862 3
1 548
1 908
0 85 5692 2
1 311
1 656
0 524 6397 3
2 545
0 666 2415 2
0 122 2198 3
0 236 5298 3
0 792 4622 2
0 916 9667 3
1 513
2 505
2 961
0 918 6457 1
0 502 2784 3
2 353
2 427
1 212
2 907
2 747
2 908
2 751
2 997
0 395 5862 1
1 383
1 986
0 675 4752 2
0 889 997 2
2 702
2 851
2 554
1 553
2 809
2 631
1 990
1 409
0 843 1314 3
0 180 8329 2
1 434
2 384
0 996 6143 3
0 682 768 3
1 878
2 889
2 331
2 600
1 502
1 763
1 675
1 924
0 436 3805 2
2 804
2 193
2 294
2 202
2 879
0 564 4757 1
0 797 2719 3
0 745 8532 2
1 230
2 615
2 992
1 312
0 625 4116 1
1 621
0 280 5175 3
1 694
1 269
2 548
1 154
2 815
2 111
0 760 3341 3
2 495
1 130
1 812
2 276
2 277
1 219
0 776 9397 1
2 492
1 906
0 756 9412 3
1 664
2 200
1 422
1 503
0 20 1985 2
2 92
1 552
1 658
0 278 5435 2
2 258
2 389
1 757
0 280 5727 3
0 161 2324 2
1 938
2 205
0 560 4987 3
1 396
0 725 6055 1
2 842
2 55
2 408
0 968 6517 2
2 245
2 193
2 95
2 341
1 841
2 696
0 886 6191 3
0 590 8483 3
0 839 8883 2
0 983 9564 2
1 82
0 552 4679 3
2 437
1 362
1 999
2 29
1 661
2 590
0 254 6180 3
0 293 4446 3
1 45
0 365 9441 1
2 835
2 478
0 115 8267 3
1 398
2 385
2 364
0 399 307 2
1 487
0 948 6132 3
1 581
1 290
2 355
0 746 543 1
2 896
2 492
0 70 8242 3
1 22
0 853 7421 1
2 74
0 94 4022 3
0 150 4756 3
1 703
1 900
2 480
2 26
0 619 7871 1
1 113
2 849
2 313
1 908
1 725
1 909
1 709
1 134
1 192
1 3
2 302
2 48
0 281 2427 2
1 298
1 293
1 167
0 251 2832 3
1 699
2 198
1 445
1 45
2 118
1 296
2 836
2 728
2 732
0 311 9891 3
0 641 3610 3
1 105
1 992
2 191
0 928 9389 2
2 296
0 304 8766 3
0 591 5474 1
1 711
1 32
2 878
1 336
1 960
0 679 6065 3
1 719
2 67
0 674 3071 1
1 473
2 441
1 333
1 938
1 704
2 222
2 375
1 438
2 620
2 476
0 815 6569 2
2 206
0 533 3232 2
0 554 5287 1
1 750
1 380
0 206 6084 3
1 524
2 529
2 832
0 712 8309 1
0 230 5829 1
0 572 4946 2
1 203
2 377
0 274 5479 2
2 520
0 90 9913 3
0 682 3327 1
1 829
0 176 4983 2
1 165
2 547
2 233
1 179
0 846 6556 1
2 35
2 775
2 459
0 821 6257 2
0 584 6762 3
0 756 4546 3
1 657
2 565
1 355
2 123
2 939
0 442 3569 1
0 363 9218 1
0 436 3206 1
0 62 3015 1
2 781
2 331
1 770
2 149
2 544
0 486 7019 3
2 341
1 347
2 664
2 355
1 884
1 608
1 413
1 330
0 454 8464 1
1 347
2 125
2 747
0 705 3585 3
0 363 6734 2
2 871
0 772 226 2
2 369
0 323 8782 3
2 931
1 469
1 274
1 633
0 17 6380 1
0 318 4166 2
2 901
2 743
0 161 5867 1
0 875 4719 1
0 854 3557 1
1 46
0 710 5320 3
0 424 4914 2
1 989
1 716
1 427
2 375
2 741
2 389
0 750 5616 1
0 518 3017 2
0 506 4932 2
0 604 4052 1
2 318
1 579
2 86
0 524 7865 2
0 387 5358 3
1 450
0 744 6965 2
1 334
2 40
0 981 6194 1
2 598
1 966
0 662 6545 3
1 841
1 966
2 351
1 816
2 482
2 677
2 583
0 841 5917 1
1 758
1 428
2 863
1 489
2 295
2 727
2 253
0 676 7219 3
0 925 4547 1
1 165
0 987 3101 2
0 18 685 1
2 963
1 296
0 220 8137 1
0 289 4088 1
1 8
1 466
2 796
1 286
0 151 3803 1
2 904
1 23
2 344
1 755
0 631 6403 3
1 541
2 719
2 582
2 77
0 228 9543 1
1 286
2 44
0 475 8259 1
1 919
1 359
2 444
0 923 9075 1
0 279 6411 3
1 593
1 162
0 133 4742 3
0 118 1204 3
1 346
2 126
0 750 7045 3
1 660
2 576
2 506
1 992
1 857
0 487 8802 3
1 825
2 743
0 442 3214 1
1 80
0 651 9206 2
2 603
1 215
1 39
1 199
0 589 8544 2
1 144
2 601
1 227
2 505
0 520 6299 3
0 932 4969 2
2 176
2 689
2 399
1 747
1 48
2 688
1 843
1 788
2 949
1 921
1 519
2 499
1 77
2 563
1 358
0 296 4886 2
0 17 920 2
2 711
1 416
0 985 3611 3
0 950 1776 3
1 304
1 1
2 835
0 544 7398 2
2 128
2 140
2 129
2 570
1 979
1 72
1 33
1 358
1 535
0 988 3107 2
1 198
2 801
0 666 7697 1
1 952
0 248 7444 1
1 954
0 454 9285 3
1 32
0 936 390 2
2 402
1 930
2 996
2 873
2 513
1 494
0 700 5798 2
1 243
2 679
2 604
0 835 720 1
2 870
0 610 1233 1
2 584
0 650 1580 1
0 377 1752 3
0 400 2115 3
2 416
2 785
1 518
1 581
1 814
0 573 8684 2
0 917 7016 1
0 774 9549 1
0 425 8810 2
2 386
2 659
0 534 9076 1
1 523
2 413
0 953 6227 2
1 911
2 61
0 311 4960 2
2 862
2 450
2 630
1 831
2 789
1 128
1 918
0 994 7794 1
1 898
2 634
2 288
1 242
1 431
1 661
0 343 9523 1
0 162 6916 3
0 284 3854 1
2 529
0 974 2523 3
0 283 3799 3
2 99
1 167
1 534
2 599
2 416
1 423
1 87
0 969 5152 2
0 358 7767 1
1 874
0 763 1774 2
0 925 9026 3
1 860
1 70
0 433 21 3
2 315
1 903
2 656
2 907
0 478 9265 1
1 153
1 899
0 59 9380 2
1 406
0 361 2266 2
0 365 8250 2
2 451
2 729
1 874
0 931 9781 3
2 398
0 611 4551 2
0 819 6728 2
0 713 9648 3
0 267 5931 2
2 181
1 643
2 190
1 691
2 110
2 197
1 384
1 171
2 499
1 209
1 569
1 156
0 451 271 1
0 203 4624 1
2 343
1 721
1 71
0 950 5181 1
1 969
0 447 9492 3
1 333
2 618
1 130
2 888
0 398 6950 2
2 926
2 41
0 757 1115 2
0 880 3808 3
2 660
1 743
0 175 5565 3
1 597
1 114
1 151
0 13 5901 1
1 206
0 77 1247 2
2 362
1 14
1 222
2 214
2 410
2 342
0 226 1748 2
1 125
1 903
1 617
0 529 3922 2
2 856
2 334
0 197 49 2
2 643
0 939 9857 1
2 518
1 286
1 77
1 568
0 50 9471 2
2 388
0 941 6674 3
2 686
1 562
2 534
1 447
2 140
0 387 3127 3
0 456 8373 3
0 160 571 1
1 42
0 229 8782 1
2 457
0 321 8495 3
2 730
2 623
0 441 5763 1
2 891
0 438 8347 1
0 585 8887 1
1 449
0 1 679 3
2 850
1 932
2 844
2 406
0 222 4029 1
2 144
2 196
1 670
0 735 4046 2
0 933 3790 2
2 548
0 414 4441 2
0 438 4727 3
2 38
0 210 7612 1
0 628 3070 3
1 458
1 163
0 403 3942 1
0 85 268 1
0 671 1837 1
2 453
0 194 1592 3
1 489
1 196
2 728
2 190
2 354
2 68
2 545
1 812
0 159 5897 2
1 882
0 420 661 1
1 878
2 818
0 354 8660 2
2 427
1 728
0 287 7082 3
2 951
2 826
0 333 986 3
2 569
2 825
0 908 6402 3
2 172
2 868
0 46 2364 3
0 588 6862 2
1 296
1 583
0 631 410 3
2 748
2 383
1 974
0 658 882 3
2 20
1 260
0 366 2658 2
1 131
2 10
1 773
1 43
0 258 2674 3
0 990 866 3
1 535
1 934
1 557
1 420
2 33
1 818
0 690 6775 1
0 672 3262 1
1 921
1 505
2 521
2 152
0 194 4204 2
1 879
1 276
0 716 3696 3
2 80
2 501
1 664
0 295 8688 2
2 485
0 594 5343 1
1 319
0 626 4513 1
1 595
1 682
0 196 9750 3
1 852
2 453
1 473
1 458
0 158 6473 3
2 410
1 338
2 930
2 201
2 875
1 772
2 136
0 342 7333 2
2 248
1 613
1 817
1 875
2 207
0 101 2428 3
0 243 8071 3
1 80
0 434 955 2
1 426
1 364
2 196
0 733 3796 3
0 850 5555 3
1 830
2 462
2 124
0 146 5367 2
2 245
1 884
1 653
2 590
2 474
0 551 8670 2
2 466
1 335
1 224
2 97
1 817
1 690
2 754
0 661 8019 1
0 365 6664 3
1 275
0 802 8749 3
0 771 4117 3
2 786
1 610
2 151
2 417
1 267
2 613
1 943
1 40
0 532 2758 2
2 481
2 701
0 763 5887 1
2 5
0 475 3143 1
1 154
2 145
1 242
0 678 3855 3
0 482 2529 2
0 639 7083 3
2 745
1 756
1 481
1 746
2 838
0 982 5257 2
0 827 3508 2
1 624
2 276
0 62 1758 1
0 125 3930 1
0 403 3292 3
2 152
1 312
1 579
1 825
0 407 9188 2
0 49 108 2
0 845 9932 2
1 42
2 371
1 360
2 537
1 209
2 626
1 889
0 965 469 3
1 382
2 682
2 787
1 540
0 405 1738 2
1 350
1 270
0 641 5630 1
1 746
1 326
2 266
2 663
0 37 7105 2
0 306 7759 3
2 491
0 888 4248 2
0 440 5536 1
2 609
1 44
1 964
0 151 1642 1
0 858 4530 1
2 635
2 19
1 837
0 387 5680 2
1 928
2 595
0 96 4036 3
1 470
2 657
0 617 3808 1
2 578
1 366
0 886 5002 2
1 295
2 832
1 525
1 310
1 415
1 173
2 293
1 569
0 781 9226 2
0 386 5977 1
2 616
1 895
0 955 4903 3
1 100
2 637
1 799
0 782 3214 3
1 725
1 262
2 964
1 872
1 146
0 842 732 1
2 37
1 314
0 725 6074 3
0 19 6936 3
2 235
1 32
0 243 2757 3
1 404
1 253
2 173
0 239 8015 1
1 826
2 637
1 865
0 567 6164 2
1 100
1 404
2 983
1 830
2 897
2 84
0 130 2337 1
1 88
0 671 572 3
1 445
1 342
1 41
1 827
2 847
2 980
1 967
0 391 1149 1
1 972
1 942
1 317
1 758
2 745
1 329
2 278
0 408 4620 3
2 881
1 734
2 599
2 35
1 31
0 68 1574 1
2 553
1 494
1 585
2 628
2 33
0 116 2664 3
0 636 7225 3
2 545
1 950
1 479
0 415 5510 2
0 436 2183 1
1 544
2 212
0 326 9840 1
1 149
2 23
0 157 12 3
2 882
2 598
2 204
2 170
0 587 8287 2
0 822 681 3
0 402 8577 2
1 769
1 440
2 997
2 504
0 827 3666 3
1 726
2 246
0 368 7416 2
0 55 4059 1
0 740 4048 2
1 977
2 223
1 514
2 17
2 182
0 369 1010 1
2 71
0 352 7317 2
1 86
2 381
2 563
1 723
2 465
2 150
0 822 3725 1
2 740
2 199
0 783 1920 2
0 981 708 2
0 377 2247 2
0 752 9492 1
0 908 2384 1
2 57
1 520
1 550
1 567
2 27
0 564 7162 2
0 188 7371 2
2 57
2 432
1 454
1 660
2 203
1 499
2 646
2 351
1 787
2 283
1 543
1 824
1 472
0 661 4661 2
2 845
1 208
2 164
0 813 9176 3
1 97
1 895
0 537 4599 3
2 852
0 31 6396 2
1 856
2 70
0 342 3656 1
2 4
2 817
2 662
1 696
1 999
1 420
1 890
1 846
1 987
1 50
1 94
1 578
2 588
2 171
1 9
0 821 5013 2
0 533 1624 3
1 415
1 376
2 219
2 498
0 770 5837 3
1 207
2 80
2 865
1 787
0 302 6796 3
2 162
0 466 6695 1
0 925 5000 3
0 188 6335 1
2 752
2 875
2 215
0 79 3295 1
0 667 6360 1
2 508
0 444 7670 2
0 366 229 2
2 230
2 297
1 152
0 809 3904 1
2 125
2 471
0 176 7692 1
1 404
1 812
1 220
1 935
0 871 8301 1
1 297
0 390 9594 2
1 514
0 150 6829 1
1 358
0 831 5887 3
2 730
2 572
1 829
0 504 9117 2
1 418
1 300
0 778 2042 1
1 288
1 184
2 709
1 66
0 296 250 2
2 637
2 372
2 284
2 353
0 671 362 3
2 816
1 509
1 914
0 524 9203 3
0 994 2463 1
0 883 2185 2
1 993
0 930 6365 1
1 271
1 58
0 929 3278 2
2 798
1 692
1 119
2 267
0 277 6261 2
1 674
1 351
1 114
2 988
1 61
0 315 5685 2
0 627 346 1
0 443 8801 3
0 514 2432 1
1 658
2 395
2 499
0 920 5202 2
0 898 3098 2
1 652
0 997 5069 2
0 767 4826 3
0 980 5004 2
2 788
2 979
1 440
2 794
0 795 3714 1
0 100 9745 2
0 57 5007 2
2 76
0 734 8195 1
0 757 7017 1
2 863
0 915 9195 3
0 569 1812 2
2 878
0 270 7978 1
1 564
2 632
1 406
1 811
2 607
1 919
1 570
1 876
2 625
2 981
1 851
0 159 9498 1
0 344 2537 3
0 514 2284 1
1 884
2 558
2 130
1 249
0 234 9819 2
0 605 432 1
1 428
1 137
0 955 2756 2
2 294
1 235
2 980
1 659
0 160 2569 1
0 87 9514 2
0 333 3498 1
0 283 2037 2
1 494
1 2
0 123 9331 1
0 28 6689 1
0 860 7940 2
1 510
1 663
0 356 59 1
0 557 1701 1
0 91 4562 2
1 281
0 387 6756 2
1 877
0 883 1158 3
0 99 6907 3
0 750 9132 1
0 191 7828 1
0 881 3833 2
1 748
0 910 5381 1
0 137 6100 3
1 421
0 172 5751 1
1 659
0 584 3409 1
2 867
2 322
2 417
2 553
1 528
0 963 5790 3
0 440 2171 1
0 537 6347 1
2 450
1 685
0 824 7270 1
2 116
1 915
1 810
2 347
2 747
2 17
0 18 9051 2
2 223
1 741
0 160 9102 1
2 636
2 72
2 130
0 59 1246 3
1 37
0 364 4384 3
1 612
0 526 6982 1
2 440
0 875 7533 2
2 987
0 999 4623 1
1 84
1 718
1 429
1 175
2 354
1 555
2 2
1 544
0 501 227 3
1 133
1 178
1 558
1 993
2 141
1 332
1 229
0 425 7658 2
0 829 6917 2
2 534
0 904 2430 1
0 658 317 2
2 839
0 943 6397 3
2 658
1 334
0 818 1563 2
1 574
1 196
2 225
1 140
0 181 6397 1
0 155 3551 3
0 343 6712 1
0 461 2888 1
0 776 3261 2
1 177
0 190 6751 3
0 506 8444 3
2 555
2 396
2 811
2 648
0 109 343 3
1 333
2 138
0 680 2266 1
1 213
2 700
2 154
1 141
0 11 8566 1
0 821 55 2
2 958
1 20
2 710
1 670
0 329 7808 3
1 426
0 503 9639 3
0 394 9439 1
2 451
1 454
0 757 2627 2
1 964
1 491
1 249
2 105
0 596 9786 1
0 148 8505 1
1 497
2 206
1 562
0 131 4366 1
1 829
0 916 9699 2
2 528
0 217 2129 1
0 48 5041 2
2 646
1 337
2 611
1 256
1 77
0 851 8560 2
2 849
1 0
1 769
0 646 1649 2
2 779
1 537
1 484
0 11 3130 2
2 966
0 534 9574 3
0 745 6295 1
0 371 1373 1
0 139 824 2
0 473 3418 1
0 861 9891 3
2 593
1 827
0 143 6793 2
2 368
0 640 465 3
0 98 5288 3
2 659
0 977 5784 2
1 555
2 407
2 468
0 761 7061 3
2 964
0 733 1790 3
0 411 8855 2
0 723 1017 2
0 522 5628 2
2 764
0 655 3319 3
1 87
0 606 3848 2
0 788 9641 3
1 783
1 975
2 551
1 875
1 263
2 240
2 823
0 989 6588 2
2 259
0 411 9347 3
0 547 597 1
1 590
2 562
2 844
2 920
1 783
1 22
1 638
2 888
0 202 3877 1
1 874
2 722
2 360
2 654
0 592 4671 3
0 171 1158 1
0 47 2180 3
0 975 1785 3
0 400 5821 2
0 51 1182 3
0 195 3741 1
2 736
0 816 8680 2
2 567
2 922
2 129
0 8 9244 2
1 29
1 302
1 963
0 383 8014 2
1 291
0 847 1853 3
0 773 8535 3
1 651
0 479 5573 3
2 247
0 853 6103 3
2 245
1 15
0 92 4750 1
0 505 9867 1
0 720 2239 3
1 126
1 211
1 439
0 703 2803 1
0 175 3856 2
2 90
0 245 3105 1
2 856
1 45
2 359
2 65
1 155
2 277
1 961
2 412
1 883
1 204
2 770
2 743
1 966
2 235
0 291 5152 3
1 644
2 564
1 861
1 138
0 687 1768 2
2 608
1 49
2 234
2 730
0 688 4825 2
1 10
0 865 2653 1
1 504
1 710
2 327
0 50 9465 2
2 233
0 737 5194 2
1 37
1 96
1 950
1 944
1 439
1 10
2 960
2 774
0 310 6837 3
2 761
1 455
2 376
0 646 2114 1
1 253
0 950 9349 2
2 134
2 791
2 699
0 935 8659 1
0 828 4802 1
0 440 2659 2
1 361
0 287 3359 2
0 716 9449 1
0 798 241 3
1 281
0 563 5980 3
1 992
2 559
2 862
0 238 6654 3
1 253
2 674
2 190
1 63
1 319
0 278 5469 3
0 106 4436 3
1 768
1 519
2 944
2 285
1 241
1 165
0 467 4418 3
2 959
1 363
1 343
0 935 8621 3
2 522
0 526 3486 1
0 370 4151 2
1 934
0 825 9175 3
1 886
1 760
0 232 6072 2
0 446 9558 1
1 179
0 824 3702 3
1 540
2 996
2 880
0 929 8815 2
1 342
2 448
0 162 1561 2
1 633
0 990 7431 3
0 165 6313 2
1 367
1 691
1 229
1 523
0 795 6452 3
1 559
1 722
2 848
0 920 7560 3
1 135
2 337
0 946 4502 3
2 844
1 906
2 914
1 927
2 245
0 242 9522 2
0 142 3448 1
0 332 2433 3
2 338
0 287 5675 3
1 530
1 639
2 600
0 613 1515 2
2 952
1 616
0 800 2342 2
0 790 7860 2
0 645 538 3
1 576
2 11
2 13
1 533
0 619 3133 1
1 648
0 125 601 3
0 147 9660 3
1 955
2 707
2 51
2 130
0 687 58 3
2 645
0 943 9178 3
1 663
2 147
2 65
1 265
2 366
0 938 4153 3
0 379 6318 3
0 670 318 2
0 728 1242 1
0 524 3056 3
2 322
0 645 4469 1
0 94 2496 3
1 260
1 965
2 171
2 838
2 479
2 678
2 923
2 344
0 132 6220 3
0 382 5766 2
2 587
1 442
1 34
0 493 7294 2
2 166
1 507
0 593 8986 3
1 88
0 382 2784 1
1 356
1 255
0 90 7914 1
2 452
0 711 7838 2
2 484
2 367
2 341
0 8 7934 1
2 910
0 71 1644 2
0 511 5793 2
2 883
0 32 3353 1
1 617
2 674
2 14
0 772 3382 1
1 609
2 400
2 100
1 476
2 955
2 474
2 59
2 937
0 819 4321 2
2 158
2 672
0 280 9687 2
2 421
1 167
0 27 3567 1
0 230 2680 1
1 946
1 3
2 931
0 651 9750 1
2 317
2 915
0 956 8196 1
2 249
1 157
2 183
2 687
0 664 8917 2
1 102
2 848
0 427 8779 1
0 881 4716 1
0 840 4645 3
1 193
2 801
1 426
0 562 4961 1
2 701
2 519
0 531 2974 1
1 432
0 158 6534 2
2 251
1 942
2 130
0 592 1324 1
1 470
0 704 2385 1
1 987
1 63
0 725 2594 3
2 973
2 594
1 799
1 875
2 130
2 493
0 3 86 3
0 831 1407 3
1 792
0 439 779 2
0 637 3929 1
2 551
0 734 145 1
1 142
2 935
1 6
1 884
2 867
0 822 50 1
2 938
0 472 9377 2
2 231
2 957
2 962
2 807
1 653
1 582
0 606 5518 2
2 299
1 621
0 828 2795 2
2 668
2 836
2 235
1 520
0 536 477 3
1 337
0 899 2342 2
2 489
1 352
0 997 1651 3
2 817
1 766
0 209 4786 2
2 630
1 89
2 298
2 980
1 827
1 160
1 660
1 913
1 677
2 762
1 916
1 349
2 127
1 822
0 253 2066 1
1 898
0 739 2196 3
1 698
1 389
0 410 9402 3
1 904
1 940
2 559
1 697
0 645 8824 2
1 512
0 886 4597 2
2 772
2 332
0 380 7031 2
2 242
1 524
1 43
1 277
0 446 4837 3
0 450 540 2
0 360 3183 1
2 781
2 382
1 95
1 532
1 97
2 598
1 859
2 84
1 902
0 942 9348 3
2 492
1 730
2 531
1 347
1 40
1 830
2 737
0 841 7269 3
0 112 5352 1
1 474
2 579
1 428
2 76
0 63 8920 3
0 84 5216 3
2 964
0 615 6794 1
1 72
2 973
1 239
1 530
1 410
2 935
2 84
0 214 6161 1
2 433
1 424
2 300
1 652
1 993
2 410
1 971
1 49
0 13 7288 3
0 157 3145 3
2 838
1 161
1 498
0 34 9283 2
2 153
2 823
1 912
2 425
0 269 9396 2
1 693
1 959
1 419
1 573
2 914
2 9
0 168 8507 1
2 790
2 13
1 280
0 101 1193 3
0 868 5626 1
0 297 8320 2
2 748
2 725
0 697 7991 1
0 418 1605 2
0 160 3707 1
0 3 22 1
2 567
0 334 6435 2
0 165 3344 1
2 953
0 148 30 2
1 22
1 551
0 802 5116 1
2 823
0 487 5826 1
0 634 5234 2
1 670
0 281 8187 2
0 310 3318 2
1 349
2 655
2 898
1 867
2 674
1 14
0 62 7853 1
0 701 6311 1
1 631
0 639 912 3
1 826
0 323 9472 3
2 526
0 99 3424 3
0 476 7535 2
1 33
1 695
2 529
0 724 7493 3
0 831 7062 1
2 419
1 192
1 919
1 119
0 493 5218 2
0 185 2049 2
0 243 2273 3
1 687
2 390
1 448
1 119
2 226
1 635
0 890 3828 1
0 19 7859 1
0 77 6179 1
0 580 4458 1
1 83
0 465 770 3
2 534
1 668
2 293
1 449
1 892
2 109
0 501 5480 1
1 344
1 639
2 887
0 723 5777 3
2 388
0 929 955 3
2 969
1 173
2 335
1 192
1 314
0 211 9816 2
2 276
0 326 9267 3
0 191 3818 1
1 977
0 152 1258 2
1 426
0 13 7599 3
2 573
0 927 3888 1
0 56 9601 1
2 430
0 303 4524 2
2 694
1 434
1 215
2 282
2 510
0 261 5523 1
1 223
2 347
2 824
2 288
2 768
2 564
2 55
2 427
0 715 8473 3
2 497
2 87
1 147
2 487
2 825
2 293
0 82 2641 2
2 160
0 787 6929 2
1 831
0 924 3610 1
0 84 5305 1
0 199 8579 2
0 528 551 1
1 49
1 106
1 394
1 390
0 848 3530 3
0 586 6019 2
0 630 8634 2
0 291 993 1
2 572
2 190
0 966 9298 3
0 51 6616 2
2 273
2 1
0 123 6189 3
2 208
0 571 8190 2
1 256
0 65 7607 1
2 22
1 793
2 962
2 355
0 567 9206 1
1 799
2 314
1 353
1 631
0 13 4202 2
2 626
1 984
0 968 1106 1
0 770 9177 1
0 481 7687 1
0 893 4261 1
2 73
2 966
1 919
2 341
0 151 93 1
2 806
0 172 4775 1
2 118
2 733
1 933
0 488 2383 3
0 644 8560 1
2 467
2 848
0 692 3541 2
0 635 2308 1
1 281
0 568 7361 1
1 210
0 840 1496 2
0 231 5023 3
2 583
0 648 4402 1
2 140
1 390
2 471
0 823 1147 1
2 996
0 465 9752 3
1 594
1 524
0 2 6107 3
2 334
1 256
1 716
1 183
1 818
1 372
1 951
2 789
2 651
2 566
1 537
2 145
2 370
0 135 7372 1
2 789
2 827
1 500
2 588
1 105
2 610
0 48 4913 1
2 388
2 974
2 144
0 2 289 3
0 662 5482 2
1 348
1 308
0 634 7161 1
2 845
0 981 1807 2
2 720
2 570
0 761 544 3
0 759 8768 3
1 492
1 941
2 56
1 826
1 169
2 877
0 683 8722 3
2 881
1 397
2 676
0 414 9789 1
0 694 8975 3
1 82
0 507 9023 1
2 665
1 279
2 670
0 482 8706 3
1 74
0 954 1472 3
2 791
1 419
1 14
2 334
2 411
1 758
0 439 5141 3
1 350
0 642 6373 1
1 431
1 840
1 614
1 977
0 424 2121 3
1 480
2 661
1 845
0 582 7603 1
2 744
0 830 9446 1
1 819
2 301
2 354
1 756
2 936
2 353
1 558
2 908
1 748
0 204 2945 2
0 548 5335 1
1 158
2 91
1 166
2 299
2 865
1 962
2 325
0 58 9678 2
1 897
1 359
1 793
0 591 6787 1
0 122 1918 2
0 612 8579 3
2 194
0 951 1059 2
1 384
0 163 3794 2
1 763
2 351
0 929 9144 1
0 931 2445 1
1 364
2 39
0 785 4766 1
0 792 1410 2
0 675 7774 1
2 568
1 670
1 144
0 807 2426 2
0 299 7449 2
0 207 4359 3
0 688 302 2
1 633
0 558 4023 1
0 149 3158 1
2 723
1 402
0 467 9561 1
2 759
0 434 754 1
0 466 478 1
1 132
2 301
0 759 4211 3
2 797
0 248 573 3
2 668
0 542 7487 2
1 472
1 484
0 245 9445 1
1 923
0 217 3407 3
1 525
1 82
2 942
0 14 2190 2
2 513
1 898
2 960
1 596
0 769 9080 1
1 525
1 78
1 785
1 560
2 166
0 83 1601 3
0 480 174 2
1 253
1 110
1 842
2 429
0 208 5198 2
2 565
0 898 7643 3
0 290 8812 1
0 250 7702 3
1 80
2 585
1 880
0 435 9990 1
0 765 7123 2
1 674
2 577
0 741 5475 2
0 511 2876 2
1 685
1 481
0 467 913 1
0 914 7218 1
2 560
1 978
2 708
1 651
1 39
1 325
1 408
0 774 8271 2
2 50
1 637
2 568
1 148
2 156
0 828 4399 3
0 335 2743 1
1 492
1 129
2 3
2 664
1 365
1 682
0 723 3084 2
2 319
0 817 468 1
1 531
0 77 6295 1
1 390
0 808 1883 3
1 766
1 392
0 334 3757 1
0 910 8648 2
2 361
0 83 7179 1
1 857
0 225 6934 2
2 346
0 97 1506 1
2 444
2 588
1 1
1 945
0 291 9208 3
1 744
0 868 5179 2
1 771
0 288 6997 3
0 301 8309 2
1 815
1 768
1 948
0 447 1950 1
2 228
0 953 1155 2
1 444
1 229
0 699 4352 3
2 349
2 103
0 859 5732 1
1 814
0 286 8762 1
1 64
1 479
0 486 1432 1
0 481 1596 3
2 860
2 415
2 782
2 350
1 471
1 970
1 885
0 801 9171 3
2 257
1 299
2 312
0 520 465 3
1 61
1 768
1 827
2 73
0 652 8424 2
1 634
1 51
0 307 5204 3
2 290
2 225
0 740 9538 2
1 3
0 319 8416 3
1 690
0 623 7763 1
1 187
2 102
0 674 2505 1
1 709
1 891
1 91
2 941
1 654
1 796
0 797 5115 1
2 203
0 300 5178 2
2 805
2 755
2 296
1 764
0 762 7825 2
0 824 223 2
0 54 9776 3
1 138
2 966
0 949 6521 2
0 51 319 3
0 442 6313 3
1 95
0 432 3209 3
1 863
1 787
2 702
0 113 3544 3
2 886
2 871
1 236
1 438
2 279
1 496
0 309 964 3
2 547
2 614
1 160
2 541
0 166 2243 3
1 139
1 235
2 900
1 214
0 714 1004 1
2 0
2 66
1 589
1 66
1 827
2 797
1 213
0 287 9379 3
1 10
0 966 2245 3
2 352
1 355
0 669 132 1
0 758 7181 2
1 412
2 540
0 132 337 3
1 675
1 724
1 648
0 682 4614 1
0 832 2036 2
1 806
0 672 3569 1
0 751 9170 1
0 271 4374 2
1 712
0 101 6739 1
0 348 7555 2
1 521
2 163
0 985 3961 3
0 428 4918 3
1 52
0 439 5886 2
0 613 2791 3
0 831 3566 3
1 744
1 645
0 147 518 1
0 223 8943 2
0 439 6405 3
1 321
1 673
1 30
0 174 9995 1
2 672
1 206
0 421 5302 2
1 311
2 936
0 368 160 3
1 629
1 749
0 507 1423 3
0 535 4541 2
1 536
1 702
1 425
0 649 9198 2
1 617
1 263
1 494
1 65
2 328
2 412
2 414
2 852
0 803 9388 3
0 450 1060 1
2 620
1 412
1 761
1 180
1 849
2 284
2 427
2 754
2 748
1 184
2 790
2 792
0 777 2964 3
0 24 1128 1
1 691
0 618 3804 3
1 183
2 241
2 16
2 872
2 127
1 641
1 487
2 53
1 376
0 595 7718 2
1 846
1 968
0 635 3938 3
2 736
0 427 8329 1
2 702
2 918
2 245
1 493
1 342
2 363
1 728
2 789
1 282
2 981
1 877
1 540
2 75
2 152
0 958 552 1
2 824
0 489 8069 2
0 153 5525 3
1 947
0 828 5736 3
2 76
1 713
1 458
2 876
2 530
1 388
1 580
1 500
1 662
2 178
0 676 8331 1
0 848 3317 2
0 406 2435 2
1 924
0 787 4382 3
1 916
2 691
2 827
1 398
1 731
0 21 2909 2
1 593
1 663
1 944
0 470 1702 3
1 536
2 813
0 686 9270 2
0 258 29 3
2 4
0 469 4088 2
0 997 2325 2
2 600
1 736
1 146
1 599
2 519
0 829 5332 2
1 954
0 821 6564 1
1 2
1 143
0 623 2563 2
2 888
0 915 3840 3
2 736
2 209
1 783
2 823
2 412
2 831
0 783 2004 2
1 787
0 850 4930 2
0 845 5773 1
2 978
2 573
0 365 1662 1
0 349 2131 1
1 95
2 158
2 139
2 283
1 256
0 60 5106 3
2 932
1 294
2 636
2 796
1 361
2 224
1 441
2 840
0 746 7935 3
0 566 1063 3
1 838
1 273
2 265
1 770
2 529
0 280 9166 3
2 728
0 942 1952 3
0 525 7655 2
2 942
0 232 6509 2
1 711
0 589 7984 3
2 314
2 756
0 447 3388 3
0 817 4442 2
0 394 1760 2
2 767
0 247 7710 2
1 571
2 261
0 969 8203 3
2 410
2 612
2 128
0 555 3842 2
1 284
0 131 1030 2
0 302 4076 1
0 138 445 3
1 404
2 695
0 548 6313 3
2 597
2 477
0 978 6032 1
0 756 205 2
2 235
2 514
0 865 8171 1
1 616
0 64 3373 1
1 99
2 424
2 79
2 326
0 452 5656 1
0 237 4696 2
0 935 3165 1
1 54
2 973
1 729
0 719 1145 3
2 905
2 60
2 172
0 55 4498 2
2 154
1 880
0 387 3809 1
1 974
1 124
0 344 2097 3
0 38 297 3
0 589 6475 3
1 509
1 844
1 492
0 424 1999 3
2 743
0 465 5557 2
2 528
2 821
2 568
2 297
0 696 867 1
2 343
2 638
0 129 8482 3
1 77
1 972
0 848 6067 1
1 625
0 106 9153 1
1 377
0 326 26 1
2 893
1 660
1 533
1 792
1 133
2 988
1 105
1 574
0 28 4610 3
0 642 8726 3
0 5 2887 1
0 265 8953 1
0 352 9365 3
1 16
1 900
1 804
0 63 9910 3
0 216 7580 1
0 585 2594 2
0 92 9919 1
0 250 3951 2
1 462
1 673
1 557
0 804 9457 2
2 697
1 871
2 595
1 182
1 275
0 141 4189 3
1 460
0 600 2062 3
1 369
1 591
0 228 1148 1
0 957 4329 1
0 935 7864 2
2 303
0 429 6930 2
1 119
0 860 7931 3
0 993 6231 2
1 546
2 757
0 825 4545 1
2 874
2 493
0 368 9101 1
0 891 9824 3
0 99 426 3
1 357
1 772
0 886 6857 2
2 886
0 262 6063 1
0 197 7595 3
0 756 2645 3
0 21 34 2
1 835
2 753
0 387 9463 2
1 166
1 721
0 493 1607 1
1 22
2 527
1 779
0 262 3887 2
0 39 7822 2
2 149
2 795
0 443 3182 2
1 46
0 271 4119 1
1 726
1 223
0 763 2750 2
1 906
2 782
1 691
0 881 7483 3
2 462
0 638 2257 3
2 171
0 944 8794 3
0 910 1114 2
1 214
0 235 6886 2
1 171
0 201 1862 2
2 697
1 466
2 243
2 416
2 812
0 32 8108 3
0 576 5995 2
1 480
2 490
0 340 1900 3
0 91 2763 1
1 846
1 363
0 935 1606 1
0 721 2932 2
0 40 2728 2
0 724 1766 3
1 220
1 624
2 686
0 424 3778 2
2 234
2 277
1 813
0 556 9581 3
2 514
1 735
2 991
0 875 7067 1
0 976 2953 2
1 866
1 139
0 422 4441 3
2 941
0 958 754 3
0 336 4606 3
1 869
0 756 2212 1
1 632
1 154
0 884 2112 2
1 756
1 392
1 844
0 538 6786 2
2 892
1 10
2 253
0 430 3122 1
0 687 6934 2
0 865 7029 1
1 141
2 851
2 891
1 779
0 131 2317 2
1 814
1 440
2 994
0 682 1777 3
0 316 3855 1
2 526
2 219
2 24
0 644 9227 3
0 470 3740 3
1 58
0 393 2224 2
0 400 9609 3
0 738 2399 2
1 606
2 244
0 243 5816 1
2 528
2 846
2 469
2 582
0 269 4640 1
2 216
0 552 2969 2
2 404
2 534
1 660
2 283
2 976
2 72
2 146
2 199
0 443 1020 1
2 464
2 370
0 649 4586 2
0 555 3179 3
1 785
1 626
1 12
1 54
1 787
0 606 2285 1
2 630
1 825
0 604 2641 1
0 46 9927 3
0 129 116 2
0 427 9674 3
0 472 1703 3
0 44 1454 2
2 91
2 808
2 662
0 716 1266 2
1 240
0 273 8153 1
0 269 1975 1
2 2
0 454 6826 2
2 352
1 926
0 308 7018 1
1 91
2 454
0 777 5081 3
1 458
2 523
1 533
2 520
0 192 5874 1
2 700
2 119
2 936
1 112
2 415
0 65 507 1
0 667 4897 2
2 267
2 952
2 955
0 934 2827 1
2 701
2 125
1 237
0 157 2526 3
0 123 1409 1
1 916
1 412
2 952
1 108
0 831 8412 2
0 897 3648 2
2 127
2 799
0 771 3036 1
0 914 9843 1
0 253 7132 1
2 186
0 457 138 2
1 710
2 330
0 731 3579 2
1 771
2 66
2 157
1 959
1 117
2 554
0 263 2159 1
1 680
1 887
2 180
0 407 890 1
0 666 5678 2
0 727 4440 1
0 10 4503 3
1 214
1 195
0 823 2458 1
2 3
0 368 9890 1
2 243
2 790
0 945 4808 3
1 250
1 405
0 93 768 2
1 89
1 233
2 434
2 94
2 87
0 673 1807 1
0 707 1583 3
2 421
2 657
1 592
1 590
2 208
0 118 3661 3
0 679 2697 2
0 458 4938 3
0 36 7204 3
1 326
0 958 1008 3
2 987
1 374
2 232
1 282
0 1 9752 3
1 311
2 515
0 599 325 2
0 222 2482 1
0 857 8014 1
2 374
0 252 4714 3
2 646
2 943
0 355 2296 3
2 762
1 943
2 851
2 602
1 25
0 779 1713 1
2 79
1 156
1 260
1 167
2 387
2 504
0 797 9212 1
2 21
0 877 8316 1
1 211
0 377 8588 1
0 653 4658 1
2 561
0 538 5821 3
2 763
1 223
0 131 1020 1
0 202 7205 2
2 521
1 511
0 897 4888 1
2 396
1 759
1 411
1 545
1 493
2 6
0 55 8229 1
1 602
2 648
0 616 8851 3
1 776
0 574 2025 3
2 774
0 925 2533 2
1 205
1 637
0 779 1996 1
1 225
2 77
0 649 5725 2
0 929 4570 2
2 668
0 83 6006 1
2 92
0 743 4719 2
0 243 1235 3
0 231 7305 3
2 543
0 988 2544 2
0 161 3996 1
1 53
2 300
1 273
0 346 1717 2
0 436 4086 2
2 321
0 53 4904 2
1 713
1 603
0 486 670 1
0 666 6622 3
2 889
0 208 5514 1
0 231 4341 2
1 427
1 51
0 477 3457 2
0 423 6070 1
0 123 6655 2
2 654
1 826
0 139 2715 1
2 581
1 958
2 387
2 537
0 395 2588 1
2 397
2 452
1 343
1 551
1 628
1 671
2 19
1 556
2 917
2 563
0 148 9521 1
1 827
1 702
2 493
2 151
2 594
1 63
0 576 3614 2
0 566 1132 3
2 981
0 448 4250 1
0 749 2646 1
0 533 9712 1
0 639 8514 2
0 756 151 3
1 793
2 785
0 525 2351 3
2 289
1 110
0 970 8608 3
2 606
0 540 139 3
1 727
0 75 1284 1
0 787 576 3
2 897
0 835 6774 2
0 138 5781 3
2 870
2 208
1 392
2 309
1 954
1 493
0 697 4568 1
0 751 104 2
2 37
1 247
1 481
2 151
1 872
1 572
2 765
0 418 4157 1
2 89
0 87 8582 2
0 502 6251 2
1 707
0 64 5097 3
2 322
1 402
1 635
2 270
1 369
0 340 6139 3
1 866
1 188
2 273
0 91 8127 2
2 733
1 584
2 881
2 461
1 431
2 28
0 490 8650 3
1 38
2 350
1 253
0 625 7793 1
0 267 5614 3
1 723
2 128
1 613
2 74
1 565
1 643
0 276 2485 1
2 697
2 572
1 273
0 968 8251 3
2 501
2 457
1 285
2 695
0 840 7308 1
0 87 9693 3
1 639
2 568
0 6 9617 1
0 16 847 2
0 450 1077 3
2 18
0 183 4303 1
2 68
0 539 6196 2
1 889
1 61
2 505
0 115 863 2
0 793 2262 1
1 599
0 329 5780 1
2 418
1 2
0 57 3070 2
0 266 7228 1
0 981 7340 3
2 969
2 701
2 544
1 829
0 394 781 3
1 561
2 422
0 595 6424 1
2 846
2 305
2 98
0 620 3079 2
2 269
0 863 1970 3
2 816
1 193
0 423 318 3
1 86
0 19 6034 3
0 391 3330 1
1 795
2 633
0 691 3909 3
1 155
2 283
0 750 451 2
1 14
2 613
2 72
2 711
0 437 1546 2
2 228
1 877
2 154
2 143
0 771 7270 3
2 261
1 894
0 244 9855 3
0 240 3271 2
0 322 5973 3
1 871
0 940 1452 3
0 827 3539 1
1 737
0 241 6247 3
2 40
0 865 636 2
2 247
0 442 509 2
0 482 9195 2
2 333
0 157 718 2
0 258 1074 3
0 877 3548 3
2 402
0 286 9619 2
2 790
1 244
0 730 5683 3
0 879 4633 1
0 506 1779 3
1 764
0 623 2424 1
0 324 4186 1
2 172
1 698
2 269
0 368 6513 2
2 197
1 663
2 464
1 640
2 64
2 519
1 520
1 605
1 698
0 298 7861 3
2 661
1 321
1 548
2 796
1 139
2 156
0 773 8620 2
0 942 1856 3
2 37
1 660
2 26
1 923
2 220
1 499
1 343
1 516
2 861
2 568
1 10
1 155
1 696
1 902
1 803
1 805
0 209 2465 1
0 176 4109 3
2 745
1 982
2 937
2 331
2 515
1 799
1 976
0 14 3673 3
2 16
0 211 3173 2
2 990
1 9
0 600 4274 3
2 38
1 434
2 452
2 774
0 18 9925 2
0 584 9211 2
0 127 9035 1
0 560 2904 3
1 43
2 718
0 395 8985 3
1 587
1 761
0 894 4887 2
1 812
0 611 3397 1
1 587
2 18
0 234 8578 3
2 129
1 467
1 483
2 537
1 647
2 953
0 163 4200 3
0 464 1460 2
0 209 845 1
0 740 8428 2
1 358
2 672
0 322 3491 3
2 353
0 334 3000 3
1 761
2 487
2 737
2 868
1 731
1 11
0 226 1103 2
1 429
2 748
2 416
2 944
0 579 649 2
2 650
1 553
0 652 5392 3
2 696
2 907
0 469 4919 2
1 22
0 961 3804 1
2 257
1 484
2 290
2 851
0 329 2853 1
2 968
2 626
0 560 4675 1
0 103 5001 2
2 49
2 163
2 269
0 71 8526 3
2 80
2 971
2 734
2 137
1 238
0 720 4864 1
2 891
1 452
0 483 4542 1
1 7
0 894 1628 3
1 155
1 225
2 186
1 871
2 552
1 822
0 819 2895 1
2 527
2 251
2 245
0 226 4968 3
1 502
0 214 4267 2
0 98 113 1
1 661
2 557
1 541
0 4 9712 3
2 481
1 262
1 838
0 818 8064 2
0 649 2329 2
2 949
0 584 5399 2
1 35
1 425
0 235 318 1
1 30
0 955 511 2
1 595
0 428 7413 1
0 555 1066 1
0 281 2237 1
2 636
0 463 3672 2
2 617
2 206
2 15
0 598 3970 1
1 539
1 761
1 811
2 222
2 243
0 280 3525 3
1 743
1 609
1 57
0 446 7026 3
0 320 2589 1
1 560
0 678 8099 2
1 67
2 617
2 619
2 152
0 737 7901 2
1 638
0 38 1047 2
1 73
1 488
2 967
2 311
2 475
0 978 5916 1
1 169
2 687
2 962
1 39
1 444
2 532
2 737
2 129
1 407
2 918
0 947 6237 1
0 764 7508 2
1 776
1 140
1 187
2 733
0 371 1773 2
2 209
0 898 3946 3
2 839
0 934 9110 2
2 347
2 492
0 909 2444 3
2 881
2 631
1 231
2 217
1 841
1 769
0 505 3019 1
1 399
1 578
2 298
0 566 6646 1
1 462
0 854 2021 3
0 72 1573 3
1 290
2 257
1 496
0 182 4001 2
0 163 5149 3
0 834 9018 2
1 16
1 811
2 941
1 851
2 753
2 457
2 579
1 986
2 231
0 215 2413 1
2 944
2 115
0 91 8950 2
1 703
1 520
1 879
2 532
2 698
0 654 2155 1
1 255
0 421 3838 1
2 251
1 955
2 200
1 562
0 724 9948 3
0 997 7648 1
2 110
0 959 1160 2
1 667
2 198
1 600
0 112 1319 3
1 521
1 262
2 42
2 717
2 125
2 898
2 844
0 703 8954 2
2 466
0 628 6134 1
2 408
0 151 4521 2
2 236
0 732 8851 1
1 28
1 893
2 91
2 331
2 336
0 242 7411 1
2 303
1 195
0 209 9603 1
1 124
1 824
1 805
2 212
0 683 9592 3
0 449 5321 1
2 257
0 519 852 3
0 913 1123 1
0 385 5865 1
2 226
1 259
0 549 4064 2
2 47
1 57
2 922
0 599 9995 1
2 404
1 412
0 431 7325 3
2 433
0 601 7497 1
1 685
0 581 586 2
0 51 7368 2
2 645
1 966
0 860 4956 1
2 114
1 840
2 895
2 633
1 274
1 177
2 765
2 822
0 448 1143 1
1 511
0 959 2508 2
1 105
0 234 7262 1
0 831 3419 1
0 960 3232 1
0 818 936 3
0 799 5327 1
0 470 7578 3
0 464 762 1
0 392 2298 2
0 912 3813 1
1 233
1 822
2 509
0 131 2327 3
1 263
1 314
0 620 4784 3
2 117
1 186
1 213
0 609 2095 2
0 909 3882 3
2 159
2 391
0 726 1522 3
0 509 963 3
2 862
1 960
2 309
0 984 2847 2
1 777
2 645
1 576
0 567 546 1
1 339
2 99
1 17
1 661
1 763
2 702
2 515
1 316
2 445
0 23 9538 3
2 240
1 133
2 401
1 67
1 780
1 296
2 175
2 679
2 543
1 466
0 67 8982 3
2 158
1 35
1 244
0 982 3836 2
1 357
2 169
1 286
0 183 4934 1
0 599 7859 1
0 301 4014 2
1 996
0 455 7506 3
2 688
2 376
2 492
1 139
0 890 1660 3
0 609 7810 3
2 521
1 1
0 206 8654 2
0 375 9783 2
1 289
0 673 4978 3
1 1
2 159
1 711
1 152
2 226
0 853 4690 1
1 753
0 795 3959 3
0 906 5285 1
2 467
2 920
0 985 2937 3
1 150
2 478
1 751
0 904 3330 1
0 372 9349 3
1 605
2 84
0 510 4342 1
1 901
2 882
1 112
0 462 5007 2
1 709
1 826
0 665 731 2
1 488
1 110
2 992
1 252
1 582
0 770 3086 3
2 57
1 196
2 91
0 529 5945 2
1 980
2 404
1 180
2 758
1 766
0 993 110 2
2 538
0 711 3660 3
1 683
2 276
1 239
2 889
0 17 6159 2
2 608
0 995 1788 3
2 809
0 974 4802 2
2 399
2 835
0 144 4495 2
2 212
2 58
1 863
1 275
1 811
1 877
0 454 7225 2
2 979
0 657 9305 3
2 919
0 440 2107 1
1 602
2 116
2 97
0 969 7960 3
0 192 3637 2
1 57
1 647
2 563
1 338
0 635 7213 3
0 487 1321 1
0 258 4616 1
1 134
0 901 8103 1
2 699
1 365
2 554
2 377
0 743 3292 3
1 864
0 646 7745 2
0 418 87 2
0 55 9942 3
0 569 2656 1
0 384 696 2
1 331
1 228
2 747
0 352 8630 3
1 797
0 313 6870 3
2 958
0 111 8013 3
0 555 516 1
2 25
0 895 2017 3
0 564 1587 3
0 911 8990 3
0 559 9091 1
2 313
2 308
1 318
2 637
0 933 8192 1
0 391 6807 2
2 824
1 865
1 660
1 52
2 494
2 239
0 789 7663 1
2 327
2 726
2 357
0 911 1643 3
2 450
1 500
2 289
1 589
0 65 7601 3
0 525 5209 3
2 615
0 779 245 1
0 183 6488 1
1 203
2 887
2 412
2 465
2 854
1 941
1 613
2 396
1 827
1 538
2 38
1 6
2 750
0 980 2933 1
1 177
0 156 5065 2
0 755 7444 3
2 550
1 756
2 836
2 844
0 426 6734 3
0 887 367 1
0 488 8966 2
2 755
0 909 911 1
1 832
0 684 6370 3
1 848
0 103 9037 1
1 52
2 386
2 791
0 485 3129 2
0 95 6889 3
0 341 1332 2
0 572 3298 2
0 20 1827 2
1 872
2 905
0 950 2310 1
0 76 2245 3
0 374 2929 2
2 818
0 23 1160 2
1 722
1 786
2 119
1 440
0 27 7665 1
0 439 2916 1
1 605
1 137
0 584 1511 1
1 684
0 76 7707 3
1 196
0 228 1982 3
1 141
0 14 5168 1
2 452
1 600
0 711 3557 2
1 828
2 712
2 772
0 399 9201 3
0 567 1652 2
2 986
1 198
1 467
0 647 4494 3
0 313 8496 1
1 54
2 224
2 222
2 263
0 37 5662 2
2 943
1 497
1 613
2 638
2 315
2 375
2 952
2 414
1 120
1 641
1 482
0 760 704 1
1 698
0 37 8246 1
1 712
1 163
0 720 6801 1
0 259 4865 1
1 488
0 476 6960 3
2 838
1 334
1 216
0 974 6914 2
2 512
2 697
2 304
2 903
1 13
0 764 8624 2
2 835
2 231
1 762
1 132
0 773 6819 2
1 659
2 255
0 890 4768 3
1 345
1 799
0 144 6165 2
2 789
1 23
2 404
1 640
0 867 1125 1
2 944
2 629
1 846
2 646
0 4 3109 3
0 876 1123 2
1 288
1 928
0 248 8303 3
0 909 8399 2
1 524
0 768 3820 3
1 776
2 986
1 896
2 883
0 692 2111 2
2 131
2 287
0 118 4535 2
2 891
1 276
0 457 3153 2
1 325
0 679 4101 2
2 228
2 8
2 701
1 575
1 693
0 140 4981 1
0 868 890 1
1 219
0 878 4028 3
0 958 594 2
1 48
2 303
0 17 4663 1
1 715
2 523
2 725
2 742
1 274
2 437
1 426
0 525 2304 3
1 590
0 741 4950 2
1 190
0 769 7208 2
0 630 1020 1
2 781
0 169 9875 2
1 837
1 204
2 597
2 920
1 228
1 334
2 813
0 814 7003 2
0 563 9617 2
1 989
1 699
0 223 6220 1
0 663 5186 2
2 802
1 302
2 899
0 938 585 1
2 257
1 106
2 954
1 538
1 568
0 369 8619 2
1 840
1 670
1 185
1 723
1 547
0 62 7798 2
2 384
2 103
1 834
2 562
1 584
2 186
2 332
2 123
2 203
2 332
1 819
0 860 7542 1
2 920
1 557
0 624 6293 1
2 286
1 641
2 267
2 654
0 81 3986 2
0 320 5268 3
1 494
2 522
1 882
1 113
2 355
2 982
1 316
0 410 3955 3
0 156 2075 3
0 233 9063 2
0 620 7469 1
0 474 1413 1
1 119
0 80 233 1
2 256
1 118
1 828
1 879
1 284
0 712 2618 2
2 681
0 243 8301 2
0 441 4289 3
1 637
1 635
2 631
0 208 6239 2
2 163
0 559 43 3
1 430
2 813
2 475
2 974
1 499
1 583
1 78
2 566
0 908 6202 1
0 705 1345 1
2 24
0 592 2583 1
2 130
1 588
2 747
2 790
0 485 4642 3
1 935
0 579 3501 1
2 703
1 730
1 842
0 172 3866 2
1 801
2 175
2 313
2 227
1 531
2 485
0 12 7347 3
2 287
2 448
2 207
2 495
2 265
0 797 789 3
1 553
1 497
0 639 3162 1
1 574
0 589 2411 2
0 758 9885 3
2 253
1 395
1 852
1 398
0 227 6548 1
1 203
1 842
1 244
0 214 440 3
2 871
2 551
2 243
1 204
2 58
2 491
0 270 5344 3
2 813
0 569 1424 3
0 236 548 2
2 382
1 273
1 530
0 429 5433 3
0 94 2371 1
2 181
2 605
1 355
1 824
0 873 3393 2
0 517 3532 3
2 365
2 731
1 1
1 486
0 398 7654 2
2 377
0 996 1910 3
2 714
0 903 7538 2
1 284
0 707 3801 3
1 495
1 105
1 453
0 192 3292 2
2 946
1 435
0 24 6431 3
0 385 8652 2
1 190
2 417
0 482 9477 2
0 368 123 3
1 701
0 283 4245 1
1 836
0 926 9623 1
1 54
0 664 9440 1
0 81 6192 3
2 18
0 327 5998 2
2 473
1 872
1 537
0 772 1975 3
2 359
1 583
1 965
1 120
2 430
0 348 6863 1
1 713
0 861 4041 1
0 88 1860 3
2 387
1 469
0 521 6854 3
1 517
1 355
1 46
0 111 4828 2
2 691
2 498
0 948 2360 2
2 624
2 844
2 847
0 530 316 1
1 170
1 635
2 328
1 521
2 171
1 554
1 795
0 385 4293 2
2 5
0 669 8982 3
0 614 7236 1
0 552 3896 2
0 816 535 3
0 230 9986 3
0 970 6128 2
2 77
1 410
0 592 5768 2
1 750
0 478 1716 3
1 861
1 175
0 536 1343 1
2 191
1 987
1 278
1 541
0 426 9970 2
1 400
1 957
1 617
2 656
0 423 5215 3
1 677
0 397 3214 2
0 215 6140 3
1 553
1 864
2 409
1 416
2 480
1 824
1 502
1 496
0 890 3919 1
1 556
1 871
2 969
0 53 8537 2
2 92
0 584 6956 1
2 599
2 813
0 247 2990 3
1 432
0 613 8674 2
1 291
1 798
0 849 4768 2
1 657
2 582
1 159
1 57
0 511 8657 3
0 736 8148 1
2 250
2 321
0 124 2957 3
2 149
0 929 6998 2
1 253
0 909 8835 2
1 353
1 890
0 649 1791 1
0 940 5911 3
2 361
1 758
0 974 6368 3
0 425 4535 3
1 150
2 436
2 266
0 480 619 1
1 187
0 162 79 1
1 990
0 997 6704 3
2 542
0 475 5147 2
0 34 7794 3
0 225 3644 1
2 15
1 462
0 448 2649 3
0 81 1200 2
2 999
0 127 2166 3
0 307 4997 2
0 250 203 2
2 740
2 749
1 843
1 415
1 848
2 307
1 826
2 146
0 163 497 2
2 663
1 664
1 881
0 949 1131 3
0 236 5129 1
2 467
0 103 7234 2
0 449 7882 1
2 622
0 872 3138 2
1 133
1 766
0 581 1647 3
0 778 2724 2
0 853 3329 3
2 895
0 906 4118 2
1 1
2 336
2 107
0 465 6703 2
2 962
2 748
2 560
1 778
2 807
2 58
0 713 763 2
1 571
1 78
1 3
2 43
2 407
1 251
2 206
2 823
1 959
1 416
1 6
2 914
0 578 6972 1
1 735
2 899
0 862 9977 3
0 409 4032 2
0 534 5808 3
2 854
2 613
2 842
2 389
1 575
0 365 1153 3
0 796 8715 3
0 374 8675 3
2 541
2 747
1 305
2 258
0 726 6465 1
0 982 2164 1
0 364 4647 2
1 800
0 977 3948 3
1 995
2 818
1 107
0 509 5206 3
1 192
1 216
1 236
0 609 2219 1
0 590 9066 1
1 148
2 272
1 428
2 620
0 35 5438 2
0 149 6655 3
2 822
1 81
1 515
2 928
2 889
1 157
1 49
0 449 9549 1
0 27 9745 1
2 520
1 789
1 599
2 322
1 600
1 250
0 535 8765 3
2 242
1 798
2 720
0 237 9521 2
1 242
2 652
1 774
0 711 6563 3
2 853
2 314
2 658
2 135
2 330
0 361 9572 1
1 323
2 358
2 320
0 467 9914 2
0 873 9656 1
2 572
0 894 3425 1
0 231 7655 3
2 201
1 204
1 379
0 425 4703 3
2 615
2 889
1 317
1 257
2 780
0 775 8704 1
1 129
1 582
1 388
0 78 1941 3
2 207
2 566
0 950 1649 1
0 51 4657 3
1 780
2 911
2 862
1 264
0 411 1746 2
1 458
2 406
0 13 4921 1
1 816
0 205 3766 2
0 684 6143 2
1 215
2 349
1 323
1 868
0 162 2632 2
1 978
0 918 9384 1
0 305 6909 3
2 999
2 240
0 35 5276 2
2 16
0 779 2366 1
0 282 1500 2
1 132
0 290 110 1
2 846
0 492 6504 1
1 978
2 410
0 664 6445 3
1 462
2 403
2 581
2 344
1 888
1 660
0 170 2302 2
0 511 9681 3
0 185 2279 2
2 500
0 734 8516 3
0 118 6374 1
2 616
0 909 3312 3
1 403
0 522 7573 3
2 670
1 38
2 830
0 360 2885 1
1 351
1 729
2 110
1 637
0 721 2605 2
2 917
0 132 2320 3
0 245 6912 3
1 387
1 996
0 978 5708 2
0 921 6454 3
1 717
1 849
0 616 3571 3
1 554
0 652 3038 3
2 45
0 216 5056 3
2 810
2 172
1 823
1 858
1 80
2 746
1 462
1 855
2 519
1 92
0 99 5096 3
0 400 4508 1
1 917
0 923 1727 3
1 868
2 722
1 652
2 535
1 304
2 346
0 780 1865 3
0 290 6481 2
2 833
2 614
0 394 531 2
0 611 3736 3
2 644
0 909 9296 1
2 46
2 441
0 809 574 3
2 799
1 672
1 359
0 546 7325 2
0 857 1193 1
1 282
0 299 8926 3
1 574
2 4
2 508
0 717 669 3
2 213
2 285
0 291 3996 2
2 321
2 130
2 181
1 350
1 118
0 741 334 3
2 544
0 288 3052 3
2 73
1 37
0 905 5674 2
0 670 6619 1
2 607
1 522
1 609
2 604
2 874
0 413 6436 2
1 1
1 361
1 10
0 451 2400 1
2 74
1 904
0 216 7993 1
0 861 1611 1
2 836
1 902
0 265 9316 3
1 625
1 283
1 569
1 422
2 46
2 728
1 93
2 217
0 977 1306 2
2 270
1 14
1 17
0 521 8282 1
1 913
2 929
1 901
2 194
0 870 6240 3
1 713
1 582
2 925
0 237 58 3
1 155
1 965
2 89
2 806
0 563 6071 1
1 620
1 342
0 867 7212 3
0 162 2472 3
0 402 5930 2
1 988
1 850
0 931 9816 1
0 7 3826 2
0 897 6337 1
2 529
1 388
1 970
0 139 6484 3
1 581
1 75
1 717
1 51
1 911
0 735 7930 2
2 756
0 313 8006 1
1 227
1 837
1 71
2 762
2 644
1 355
2 459
2 814
2 845
0 95 7756 2
1 39
0 573 3795 1
1 153
0 318 5381 1
2 996
0 315 7111 1
0 196 5171 1
1 953
0 535 2798 3
0 907 5824 2
0 434 4035 2
2 274
0 8 1592 1
0 100 2328 2
1 791
2 727
2 431
0 347 8384 2
0 534 9886 1
2 62
1 739
1 11
2 998
0 784 1006 2
0 197 7682 2
1 98
1 605
2 224
2 442
2 772
1 454
2 999
0 452 1061 2
2 558
2 728
1 297
1 915
0 628 5112 3
1 457
1 957
0 542 4181 1
0 104 6574 3
2 232
2 231
0 509 7528 1
0 540 1660 3
1 525
0 421 5153 2
2 226
0 699 5183 2
1 716
1 578
1 602
1 84
1 475
0 223 9985 2
0 405 3735 1
1 925
0 273 346 3
0 681 8425 3
1 960
0 974 5677 1
0 850 650 2
1 837
1 601
0 745 5797 1
1 532
1 531
1 429
2 803
1 137
2 405
1 569
0 301 6543 3
2 448
0 704 4733 3
1 493
2 306
0 281 6875 2
0 611 623 1
0 780 8778 2
0 615 8778 2
0 495 7204 1
2 906
0 838 1962 1
0 855 458 1
0 48 9838 1
2 3
0 411 4978 2
2 757
0 164 9724 2
1 260
1 920
2 986
0 219 8824 3
0 897 5347 2
2 861
2 644
0 478 4000 3
1 978
0 137 9087 2
2 811
0 17 3071 2
2 763
2 467
0 382 1607 2
1 307
0 734 1168 2
2 123
0 378 782 2
2 186
0 796 8413 1
0 889 8677 1
2 967
0 18 6434 2
2 42
0 679 7701 1
1 869
1 144
2 880
1 126
2 583
1 458
0 430 7118 2
2 796
1 132
2 926
2 549
1 550
2 351
1 644
2 995
0 710 3139 3
2 13
0 690 5949 3
2 33
0 267 9077 1
1 504
2 530
0 442 7080 3
1 23
1 573
1 997
1 534
1 59
0 649 9425 2
2 726
0 192 9759 2
0 836 9788 2
0 728 3758 3
1 190
1 866
1 853
2 881
2 712
1 261
0 864 1262 3
1 953
1 141
1 385
1 310
1 909
2 266
2 647
1 511
2 405
0 403 4258 3
1 812
1 404
0 708 268 3
2 269
0 939 4762 2
1 883
0 250 9144 1
0 133 3690 3
1 879
2 725
0 977 5598 3
1 182
0 215 3242 1
2 555
0 895 1494 1
2 170
1 187
2 59
0 640 544 3
1 893
1 968
0 434 6945 3
1 86
1 732
1 697
2 204
0 647 1099 2
0 838 2269 3
1 41
0 255 3682 3
2 635
0 975 3603 2
1 900
1 818
1 435
1 288
0 281 2844 1
2 296
2 607
0 457 6200 3
2 204
2 532
0 294 3520 2
1 123
2 382
2 938
2 715
1 102
0 211 4735 1
2 16
2 488
0 982 2945 2
2 796
2 612
0 131 1259 3
1 880
2 635
0 52 2574 3
0 652 4566 2
0 301 9674 3
1 522
0 292 6856 1
1 702
1 198
2 482
1 925
2 359
2 62
1 69
1 921
2 585
0 450 4060 1
0 734 3007 3
0 363 9418 2
2 237
1 170
0 186 2004 3
0 39 8533 3
0 880 7690 3
0 575 1505 1
0 565 3570 2
0 578 2607 2
0 377 430 3
0 950 4185 2
0 189 3576 2
2 110
1 34
1 615
2 144
1 811
0 920 3729 3
0 381 5075 3
1 720
1 776
1 56
2 920
1 918
1 739
2 42
0 147 4428 3
2 382
2 305
2 262
1 274
0 682 6007 3
0 353 5906 3
0 641 7244 1
0 407 6479 1
2 701
1 347
1 845
2 962
2 226
2 124
0 196 2751 1
2 758
0 978 112 1
1 594
2 763
0 246 8170 2
0 668 7334 3
1 182
2 553
2 166
0 764 8643 1
1 394
1 544
2 707
0 264 2399 2
2 732
1 365
1 677
1 952
1 685
2 360
1 930
1 716
0 749 8833 3
1 146
2 995
1 638
1 916
1 454
0 465 5186 1
2 516
0 180 4820 3
1 163
2 437
0 817 6153 1
1 986
1 992
2 822
2 174
0 42 8090 1
2 399
2 34
2 418
2 4
2 723
2 168
1 43
0 35 9212 2
0 779 3745 2
0 229 4440 2
2 605
2 846
1 354
2 612
0 460 9030 3
2 980
2 660
0 957 8703 2
1 268
0 274 1399 1
0 523 838 1
0 594 4289 1
1 665
1 38
1 290
1 659
2 316
1 4
1 492
0 384 7598 2
2 462
0 51 3423 2
2 613
2 912
1 855
1 1
2 305
2 502
2 242
0 233 6910 2
1 239
1 903
0 244 9914 3
1 551
0 481 6080 1
1 646
1 6
1 273
0 725 2931 2
0 230 9993 2
2 256
0 405 6495 2
0 470 8488 3
1 898
0 775 4379 2
2 178
0 898 1184 3
1 544
0 454 7295 2
2 640
2 500
1 54
1 391
2 566
0 139 6141 2
2 619
0 769 3178 1
0 735 716 2
1 240
0 633 3046 2
0 83 963 1
2 860
0 841 7603 3
1 817
1 900
2 95
0 917 7864 2
1 812
1 452
1 283
0 324 5268 1
0 320 174 2
1 110
2 799
1 426
2 711
0 421 4612 1
2 484
1 733
1 80
2 24
2 193
1 929
0 576 5020 1
1 546
2 429
0 301 3228 2
2 945
1 26
2 284
0 587 4768 2
2 655
1 217
0 113 6762 2
1 631
1 414
0 517 2960 3
2 617
1 879
1 709
1 899
1 894
2 540
0 304 4688 3
0 917 6370 1
0 484 8034 2
1 654
1 966
1 150
1 821
1 574
1 698
0 876 3949 2
1 485
2 604
1 952
2 804
1 480
0 603 1965 2
2 432
0 569 2751 3
1 47
1 839
0 935 7890 1
1 191
0 287 28 1
1 169
2 353
0 769 7834 2
1 151
2 751
0 599 2320 2
0 392 4733 3
2 707
1 825
1 699
2 649
2 45
0 581 7567 3
0 892 1916 2
1 640
2 777
0 207 2376 1
2 388
2 331
1 392
1 819
2 707
0 586 7356 1
1 602
1 199
1 724
1 665
0 160 3657 3
1 401
0 17 5818 1
0 626 2606 3
0 645 8212 2
2 730
1 60
0 510 3663 1
1 764
2 505
1 946
2 438
0 306 6840 2
0 658 9719 2
2 326
2 359
1 686
0 27 6417 2
0 355 6040 2
1 453
0 832 6958 2
2 975
1 897
2 278
0 956 9288 2
0 924 9091 1
2 766
2 286
2 670
2 585
0 560 3039 2
1 258
0 972 9257 3
2 695
1 933
2 367
1 261
0 630 7538 2
2 525
2 99
0 488 6121 3
2 499
0 464 9961 2
0 254 3229 1
1 881
0 703 9814 2
1 407
2 906
1 856
0 587 8382 1
1 546
0 160 9230 1
0 122 6554 1
1 629
2 961
0 609 9842 1
0 8 3693 3
2 660
1 805
1 827
0 250 8004 2
1 21
1 378
1 955
0 665 1279 3
2 858
2 607
0 739 1948 1
0 641 2921 1
0 266 2672 1
1 417
1 801
2 569
0 144 299 2
1 152
1 82
2 597
2 281
2 760
1 152
1 471
1 517
1 447
2 361
2 932
1 390
0 979 9311 2
0 610 8192 3
0 143 360 3
2 653
0 648 6766 3
2 362
0 299 1231 3
2 719
1 68
0 156 5458 3
2 121
1 962
1 189
1 198
2 952
1 128
2 532
1 724
2 929
2 66
1 669
1 679
0 459 7747 3
0 557 8481 3
2 477
2 113
0 360 8663 3
2 712
1 271
0 959 9995 1
2 433
2 821
2 835
2 843
1 599
0 614 156 1
1 186
0 189 7651 2
0 315 7618 1
2 801
0 975 7760 2
0 0 5618 1
0 720 603 3
1 250
2 502
2 780
2 638
2 468
2 970
2 729
0 2 6944 3
2 782
2 915
2 653
2 585
0 793 658 3
0 573 8627 1
2 844
0 998 5482 3
2 662
0 850 8391 2
1 336
1 8
2 156
2 438
1 896
2 935
2 33
2 508
2 940
2 387
1 176
0 971 9070 1
2 583
0 24 6084 2
1 250
1 535
2 248
2 272
0 700 4208 1
2 520
1 45
0 998 3784 3
0 521 7920 3
1 905
0 484 4281 2
1 346
2 67
0 976 8315 3
1 811
1 457
1 344
0 43 7741 2
1 877
0 567 751 3
1 828
1 343
0 901 9311 3
0 529 3827 2
0 495 38 2
1 297
1 655
1 893
2 735
0 443 1964 2
2 715
1 526
0 813 2221 1
1 532
2 314
0 500 6794 2
2 185
1 301
1 588
1 475
2 711
1 220
2 879
1 517
0 891 3395 1
2 968
2 123
1 723
2 913
2 583
1 570
2 857
0 602 6797 2
1 631
2 992
0 751 9871 3
2 818
2 368
2 554
0 63 5677 2
1 114
2 714
0 935 8637 1
0 861 9420 3
2 850
2 342
2 128
0 418 7382 3
1 879
2 249
0 772 6664 3
2 155
0 65 3870 3
2 859
2 496
1 216
2 818
0 714 2160 1
0 606 4384 1
0 325 9455 1
1 241
0 590 6351 1
1 928
2 968
2 668
0 350 6516 3
0 306 8717 2
1 229
1 918
2 40
2 213
1 301
1 291
2 612
1 246
0 979 174 1
2 728
1 126
0 717 7377 2
2 94
0 747 9676 3
0 512 4029 1
2 746
1 104
2 59
1 271
1 931
1 479
1 254
2 312
2 637
2 110
1 404
2 671
1 232
2 168
0 42 1031 1
0 195 2278 3
2 698
1 559
1 756
1 93
0 949 9405 3
0 786 852 3
1 409
2 45
2 608
1 90
1 596
1 144
1 894
1 398
0 828 5309 2
2 700
2 594
0 71 8688 2
1 893
1 399
0 163 3444 1
2 9
1 127
0 1 9271 1
0 297 499 1
2 808
0 709 8860 1
1 214
1 696
0 360 9589 2
1 243
1 556
0 657 7566 1
0 523 629 1
1 877
2 123
0 182 7284 2
1 496
0 251 9710 2
0 216 5720 2
2 832
1 472
0 374 5481 1
0 618 2830 1
2 455
0 434 8930 2
1 566
2 565
2 267
1 477
1 468
2 52
1 280
1 544
1 273
0 586 9580 1
2 763
1 933
0 172 2720 3
1 689
2 511
1 186
2 126
2 462
0 357 5514 3
1 399
0 94 8672 2
0 605 1093 1
0 52 3522 1
1 242
2 677
0 913 9541 2
1 672
1 763
0 962 7472 1
2 462
2 520
2 424
1 941
1 434
0 749 2486 2
2 63
0 534 8740 1
2 281
2 899
2 537
0 792 3851 1
2 172
2 193
1 210
1 33
1 351
2 33
0 306 6789 1
2 435
0 813 2716 3
2 238
0 752 7128 1
1 979
2 689
0 230 4234 2
1 204
0 943 555 3
0 7 3059 2
2 780
1 581
1 974
0 41 3213 1
1 693
2 42
1 967
1 176
0 318 4725 3
2 659
1 429
1 317
1 472
2 640
1 694
2 550
2 36
2 233
1 89
2 966
2 951
2 566
0 186 8884 3
2 758
1 867
0 628 8537 1
1 325
2 56
2 189
0 391 1226 3
0 506 4991 3
0 474 8558 1
1 390
1 925
0 878 6684 1
2 223
1 634
2 946
2 815
2 682
1 961
1 935
2 51
0 503 658 1
2 217
1 371
1 429
2 257
0 332 7123 3
1 969
2 107
2 702
0 270 6737 3
2 811
2 447
2 360
1 224
0 633 1441 2
0 752 9540 1
2 199
2 133
1 893
1 50
0 370 7105 2
1 842
0 576 5005 3
0 219 3538 3
1 867
2 237
1 315
1 518
0 351 3069 1
2 377
2 292
1 902
2 884
1 7
1 141
0 83 320 2
1 858
1 450
0 300 6039 2
1 380
2 936
0 996 6593 1
1 143
1 505
2 875
2 279
2 820
1 817
0 93 4128 3
1 117
0 29 8417 2
0 385 9131 1
1 215
0 914 6136 1
1 701
1 159
1 37
0 811 1209 3
0 465 5656 2
2 608
0 87 5637 1
1 75
0 673 2440 3
1 154
2 377
0 730 6079 2
0 8 9278 3
2 488
2 504
1 252
1 680
0 543 6119 1
0 309 3277 1
1 69
0 223 9575 3
1 520
1 32
1 323
1 392
0 915 9880 1
2 185
2 385
0 415 1281 2
0 172 5645 1
1 627
1 474
0 538 1474 2
2 908
2 172
1 932
2 939
2 796
0 619 9333 1
1 550
1 638
2 476
1 883
0 958 7863 2
1 66
0 258 5222 1
0 762 3159 1
0 75 3689 1
0 931 9513 2
2 870
1 940
0 698 1768 3
2 490
2 445
1 764
0 103 5375 3
0 893 2847 1
1 893
0 684 4138 2
1 651
0 695 2873 2
1 85
0 756 2107 3
1 439
2 126
1 266
0 579 6351 1
2 550
1 468
1 355
1 933
0 120 5937 1
1 162
0 155 8248 1
1 707
0 509 9147 1
0 351 1745 1
1 448
2 754
1 918
2 145
0 727 4078 2
0 15 1760 2
0 558 5873 2
0 136 2837 1
2 984
1 985
1 32
1 969
1 849
1 830
1 650
0 744 9377 1
0 928 2773 3
0 303 703 1
1 83
2 271
2 655
0 179 3640 3
0 898 264 3
2 340
0 866 4991 2
2 720
2 346
2 86
0 296 6389 2
1 823
2 825
2 521
1 701
0 473 3996 1
2 261
2 471
1 592
1 296
0 4 6017 3
2 18
2 841
0 639 35 2
2 665
0 260 9186 2
0 591 5317 2
0 41 923 1
0 876 5166 3
2 665
1 542
2 908
2 78
1 930
2 137
1 883
2 128
2 340
1 809
0 290 119 2
2 394
2 547
1 233
0 795 898 2
1 79
0 953 9158 1
1 227
1 0
1 311
0 958 4003 3
1 287
1 238
1 427
1 198
2 255
2 76
0 682 5086 3
2 5
1 919
0 281 6147 3
1 610
0 409 2568 3
2 688
2 255
2 972
2 911
2 9
1 954
0 920 4636 1
1 749
0 762 8021 1
1 520
2 676
1 693
1 50
2 300
0 437 4907 2
1 942
1 932
2 150
2 389
1 226
1 787
0 794 9901 1
2 296
2 548
2 350
1 113
2 838
0 195 4276 2
1 389
0 196 8673 2
2 911
0 121 4137 2
2 465
0 513 1165 3
0 34 1375 1
2 968
1 841
2 364
0 786 8390 3
2 709
2 849
0 848 6761 1
2 250
2 581
0 692 4094 3
0 255 7619 3
1 707
2 691
1 725
0 938 3511 3
1 687
2 393
0 191 2242 2
2 563
0 805 8145 3
0 591 5257 2
0 228 2968 3
0 534 982 2
1 390
1 771
2 18
1 750
2 699
0 5 5701 3
1 306
1 418
0 837 5009 1
0 208 9815 3
1 102
0 130 5291 1
2 769
0 116 4139 3
1 903
1 160
1 711
1 181
2 330
1 347
2 961
0 430 4169 3
2 669
2 75
1 199
1 376
2 248
1 460
1 711
2 216
0 975 5928 3
1 945
2 108
2 415
0 579 198 1
1 507
0 589 4582 2
2 34
0 460 3634 2
2 841
2 635
2 568
1 337
0 120 5635 1
1 280
2 650
2 347
0 244 7855 1
1 789
2 325
1 407
0 810 9040 1
1 385
1 413
1 361
1 87
0 737 6821 2
1 970
1 581
1 656
2 173
0 363 2314 1
2 490
0 178 301 3
1 304
2 339
1 617
2 820
0 533 1909 3
2 279
1 362
1 166
1 389
0 232 7752 3
1 145
2 951
2 501
0 616 6157 1
2 875
2 7
0 569 8892 2
2 839
0 647 1553 3
0 923 541 2
1 645
0 220 8790 1
0 466 3914 1
2 72
0 390 6299 3
2 698
0 642 7006 3
1 946
1 738
1 344
0 990 7552 2
2 765
2 778
1 266
0 445 2021 1
1 23
0 168 6187 3
1 272
0 225 6156 2
2 687
0 268 383 3
0 935 622 1
1 716
1 583
0 622 4029 1
0 898 9379 1
2 918
2 637
0 817 9862 2
2 33
0 958 3654 2
1 265
2 33
0 163 4102 3
1 436
2 128
1 868
1 523
2 797
0 299 4787 2
0 649 4737 1
0 178 5296 3
2 59
2 465
2 818
1 547
2 727
1 571
2 775
1 586
0 438 7735 2
2 522
2 205
2 571
0 559 7101 2
2 455
2 554
0 344 1372 1
2 431
0 875 8002 2
1 794
0 5 9232 1
1 969
1 635
0 204 7558 2
2 660
2 363
2 161
1 388
1 641
1 749
2 917
1 427
0 330 2221 1
1 805
2 840
1 69
0 652 4625 3
2 740
0 631 6455 2
0 724 3901 2
2 190
1 789
2 78
1 565
1 789
1 448
0 833 2288 3
2 763
0 879 1149 1
2 546
0 74 59 1
0 960 1574 1
0 677 6657 2
2 225
2 516
0 323 8965 2
0 253 386 1
0 110 7643 1
2 614
0 337 4041 3
2 191
0 837 9059 2
2 68
0 269 4293 3
1 660
0 103 5326 1
1 712
1 429
0 75 2299 1
1 68
0 730 1896 2
0 684 5520 2
0 34 3753 1
2 46
2 793
2 520
1 737
1 309
0 268 4738 1
0 38 8354 3
2 775
1 354
0 389 3038 3
0 14 7716 2
0 371 5226 2
1 637
2 117
0 663 7426 2
1 165
2 627
0 153 4012 3
1 128
0 90 4869 2
1 296
1 136
1 70
1 53
1 376
1 204
1 768
1 272
0 503 789 1
0 344 247 3
2 879
1 428
0 845 7538 3
2 13
1 968
1 88
0 460 1817 2
0 663 8185 3
1 128
2 77
0 222 2421 1
0 483 1700 3
0 669 7186 1
0 327 3815 2
1 898
2 670
1 897
0 727 3912 3
0 199 6752 2
0 326 8277 3
2 995
0 848 5689 2
0 875 9950 1
2 765
0 203 3015 1
1 726
2 311
1 865
0 769 8064 2
0 341 1365 1
1 865
0 276 9714 1
0 584 3718 1
1 625
0 840 828 2
2 53
0 497 5364 2
1 651
1 779
0 689 472 2
2 215
0 1 5843 2
0 619 2275 2
0 844 5538 1
2 718
2 933
1 930
0 488 9321 3
1 834
1 534
2 100
1 723
2 567
2 510
2 920
0 886 1185 2
1 76
0 119 2146 3
2 270
0 834 6110 1
1 601
0 959 6135 3
0 429 4751 1
2 827
2 608
2 718
0 285 9545 1
2 858
2 859
0 100 9129 2
1 239
1 618
2 572
2 328
2 341
1 350
1 459
0 8 1419 3
0 913 7914 3
0 979 834 3
1 54
1 320
2 925
1 986
0 753 8910 3
2 861
1 895
0 937 9354 2
0 773 7371 1
1 638
2 881
1 832
2 456
1 762
2 100
2 689
0 582 6794 3
0 579 4561 2
1 773
2 829
2 510
1 239
0 994 6877 2
1 494
1 999
2 251
2 432
1 449
0 141 2384 1
1 495
0 402 8123 2
0 689 3855 3
0 810 4986 3
0 215 6617 2
1 981
2 365
2 497
0 287 7298 2
0 34 6889 3
1 87
1 5
1 904
0 968 9651 1
1 638
0 286 2853 1
0 915 7633 1
1 217
2 781
2 552
0 285 4586 3
2 116
0 283 4473 2
0 519 109 3
0 239 828 2
0 34 6450 2
0 83 9303 3
0 556 4715 3
2 119
2 695
0 54 9163 1
0 636 8284 2
2 745
1 623
0 247 1422 2
1 873
1 935
0 63 4221 1
2 936
0 80 1407 1
0 819 8377 1
2 67
0 895 4295 1
1 714
2 977
2 535
2 947
1 950
2 68
2 103
1 337
0 205 4769 2
2 248
1 906
1 933
0 168 828 3
1 820
1 417
1 353
2 340
1 712
2 887
1 360
1 163
0 734 5720 3
1 249
2 208
1 956
2 184
2 321
2 133
0 547 7550 2
1 855
0 905 5567 2
0 700 3690 2
0 739 8573 3
1 811
1 327
0 396 4635 1
0 463 5482 3
1 976
0 850 7972 3
1 659
0 625 6989 1
1 679
2 541
0 53 9829 3
0 718 6358 2
1 345
1 46
2 231
0 756 559 2
0 883 3419 2
2 268
2 532
0 615 9564 3
1 686
0 337 6718 2
1 428
2 521
0 699 3919 1
0 405 1043 2
2 2
1 355
0 620 975 1
0 589 8275 1
0 135 9107 1
1 177
1 879
1 200
0 83 3899 1
0 181 4076 3
0 12 767 2
0 137 6719 3
2 224
2 72
2 320
2 751
1 31
1 456
2 886
2 14
0 907 685 1
1 114
2 814
0 223 9266 3
0 337 8541 3
0 177 935 1
2 494
2 56
2 942
2 140
1 872
2 501
1 840
1 571
0 297 737 2
2 3
1 586
2 172
2 606
1 383
0 551 4230 2
1 108
0 823 7248 3
2 403
1 178
1 698
2 550
1 838
0 573 5842 3
1 535
2 959
0 136 695 2
2 925
0 998 5033 2
1 281
0 220 2037 2
0 633 9276 1
0 976 8337 3
2 531
1 60
1 864
1 912
1 66
1 391
0 518 9389 2
0 562 3010 1
2 47
2 884
0 807 1383 1
2 72
2 684
0 812 7744 3
0 116 6638 2
0 264 771 2
0 512 3254 1
1 264
0 560 7663 2
0 47 5013 2
0 149 3251 1
0 207 8161 2
2 189
2 572
1 580
0 692 1458 2
1 65
2 982
0 310 4542 1
1 338
2 530
2 359
1 121
1 512
2 518
2 262
0 840 187 2
0 376 6674 3
0 230 2648 1
2 330
2 107
1 866
2 123
1 315
1 75
0 192 2588 1
0 382 1379 2
1 918
1 996
0 426 4579 3
2 580
2 221
1 31
0 641 898 3
0 294 8442 3
2 231
2 310
0 502 7044 1
2 267
2 376
2 292
0 547 286 2
2 968
0 389 9351 1
1 601
0 146 8896 1
2 618
0 537 5280 2
2 324
2 16
2 995
2 559
2 547
0 926 4710 3
1 798
1 598
1 356
0 112 3855 3
2 601
2 77
1 697
0 234 8374 2
1 318
2 994
1 684
0 688 3611 1
2 857
1 952
2 322
1 7
2 867
0 942 468 1
2 311
2 71
0 943 8120 3
2 516
1 843
2 739
1 164
0 860 5373 3
0 181 5122 1
0 909 44 1
2 513
1 574
0 84 5645 2
1 117
0 993 4634 3
0 187 6804 3
1 499
0 76 4651 2
2 774
1 797
0 669 440 1
2 306
2 710
1 162
0 122 6631 2
0 265 2421 1
0 577 5078 3
2 713
0 80 161 1
1 786
1 241
1 431
2 694
0 699 7405 1
1 540
1 845
2 69
2 21
2 915
2 506
0 379 1219 2
0 381 4848 2
1 839
0 679 5270 3
2 7
0 131 6839 3
1 441
0 623 2862 1
2 290
1 595
2 999
0 16 6005 1
1 853
2 620
1 708
1 314
